granularity_geo,location_name,date,new_dose_1,new_dose_2,total_dose_1,total_dose_2,total_pr100_dose_1,total_pr100_dose_2,new_doses,total_doses,source
county,Agder,2020-12-27,0,0,0,0,0.0,0.0,0,0,fhi:git
county,Agder,2020-12-28,0,0,0,0,0.0,0.0,0,0,fhi:git
county,Agder,2020-12-29,0,0,0,0,0.0,0.0,0,0,fhi:git
county,Agder,2020-12-30,0,0,0,0,0.0,0.0,0,0,fhi:git
county,Agder,2020-12-31,0,0,0,0,0.0,0.0,0,0,fhi:git
county,Agder,2021-01-01,0,0,0,0,0.0,0.0,0,0,fhi:git
county,Agder,2021-01-02,0,0,0,0,0.0,0.0,0,0,fhi:git
county,Agder,2021-01-03,3,0,3,0,0.000976463963597423,0.0,3,3,fhi:git
county,Agder,2021-01-04,0,0,3,0,0.000971367329031255,0.0,0,3,fhi:git
county,Agder,2021-01-05,79,0,82,0,0.026550706993521002,0.0,79,82,fhi:git
county,Agder,2021-01-06,791,0,873,0,0.282667892748095,0.0,791,873,fhi:git
county,Agder,2021-01-07,230,0,1103,0,0.35713938797382505,0.0,230,1103,fhi:git
county,Agder,2021-01-08,49,0,1152,0,0.373005054348002,0.0,49,1152,fhi:git
county,Agder,2021-01-09,0,0,1152,0,0.373005054348002,0.0,0,1152,fhi:git
county,Agder,2021-01-10,0,0,1152,0,0.373005054348002,0.0,0,1152,fhi:git
county,Agder,2021-01-11,1,0,1153,0,0.3733288434576789,0.0,1,1153,fhi:git
county,Agder,2021-01-12,226,0,1379,0,0.44650518224470004,0.0,226,1379,fhi:git
county,Agder,2021-01-13,848,0,2227,0,0.721078347250869,0.0,848,2227,fhi:git
county,Agder,2021-01-14,512,0,2739,0,0.8868583714055359,0.0,512,2739,fhi:git
county,Agder,2021-01-15,119,0,2858,0,0.925389275457109,0.0,119,2858,fhi:git
county,Agder,2021-01-16,1,0,2859,0,0.9257130645667858,0.0,1,2859,fhi:git
county,Agder,2021-01-17,2,0,2861,0,0.9263606427861399,0.0,2,2861,fhi:git
county,Agder,2021-01-18,15,0,2876,0,0.9312174794312971,0.0,15,2876,fhi:git
county,Agder,2021-01-19,347,0,3223,0,1.0435723004892499,0.0,347,3223,fhi:git
county,Agder,2021-01-20,460,0,3683,0,1.1925152909407,0.0,460,3683,fhi:git
county,Agder,2021-01-21,337,0,4020,0,1.3016322209018798,0.0,337,4020,fhi:git
county,Agder,2021-01-22,68,0,4088,0,1.32364988035992,0.0,68,4088,fhi:git
county,Agder,2021-01-23,2,0,4090,0,1.3242974585792802,0.0,2,4090,fhi:git
county,Agder,2021-01-24,0,0,4090,0,1.3242974585792802,0.0,0,4090,fhi:git
county,Agder,2021-01-25,3,0,4093,0,1.32526882590831,0.0,3,4093,fhi:git
county,Agder,2021-01-26,63,66,4156,66,1.34566753981797,0.0213700812386876,129,4222,fhi:git
county,Agder,2021-01-27,567,681,4723,747,1.52925596500487,0.24187046492878303,1248,5470,fhi:git
county,Agder,2021-01-28,952,248,5675,995,1.83750319741746,0.32217016412870003,1200,6670,fhi:git
county,Agder,2021-01-29,204,61,5879,1056,1.90355617579158,0.341921299819002,265,6935,fhi:git
county,Agder,2021-01-30,32,0,5911,1056,1.91391742730125,0.341921299819002,32,6967,fhi:git
county,Agder,2021-01-31,24,0,5935,1056,1.9216883659335,0.341921299819002,24,6991,fhi:git
county,Agder,2021-02-01,1,2,5936,1058,1.92201215504318,0.342568878038356,3,6994,fhi:git
county,Agder,2021-02-02,203,170,6139,1228,1.9877413443076297,0.397613026683461,373,7367,fhi:git
county,Agder,2021-02-03,1331,593,7470,1821,2.41870464928783,0.5896199687219721,1924,9291,fhi:git
county,Agder,2021-02-04,1707,497,9177,2318,2.97141265950661,0.7505431562314829,2204,11495,fhi:git
county,Agder,2021-02-05,619,135,9796,2453,3.17183811839673,0.7942546860378901,754,12249,fhi:git
county,Agder,2021-02-06,512,2,10308,2455,3.3376181425513898,0.794902264257244,514,12763,fhi:git
county,Agder,2021-02-07,83,2,10391,2457,3.3644926386545895,0.795549842476598,85,12848,fhi:git
county,Agder,2021-02-08,13,2,10404,2459,3.3687018970803897,0.796197420695952,15,12863,fhi:git
county,Agder,2021-02-09,189,255,10593,2714,3.42989803880936,0.878763643663609,444,13307,fhi:git
county,Agder,2021-02-10,1151,371,11744,3085,3.80257930404769,0.9988894033538079,1522,14829,fhi:git
county,Agder,2021-02-11,1009,409,12753,3494,4.12928251571187,1.13131914921174,1418,16247,fhi:git
county,Agder,2021-02-12,355,70,13108,3564,4.24422764964723,1.15398438688913,425,16672,fhi:git
county,Agder,2021-02-13,509,3,13617,3567,4.40903630647287,1.1549557542181599,512,17184,fhi:git
county,Agder,2021-02-14,0,0,13617,3567,4.40903630647287,1.1549557542181599,0,17184,fhi:git
county,Agder,2021-02-15,1,1,13618,3568,4.409360095582549,1.1552795433278402,2,17186,fhi:git
county,Agder,2021-02-16,141,117,13759,3685,4.455014360047009,1.19316286916006,258,17444,fhi:git
county,Agder,2021-02-17,1218,435,14977,4120,4.849389495633701,1.3340111318695902,1653,19097,fhi:git
county,Agder,2021-02-18,1089,820,16066,4940,5.20199583607205,1.5995182018048,1909,21006,fhi:git
county,Agder,2021-02-19,721,343,16787,5283,5.435447784149231,1.7105778664240399,1064,22070,fhi:git
county,Agder,2021-02-20,355,37,17142,5320,5.55039291808459,1.7225580634820903,392,22462,fhi:git
county,Agder,2021-02-21,52,23,17194,5343,5.5672299517878,1.73000521300467,75,22537,fhi:git
county,Agder,2021-02-22,223,1,17417,5344,5.63943492324579,1.73032900211434,224,22761,fhi:git
county,Agder,2021-02-23,294,201,17711,5545,5.73462892149085,1.7954106131594398,495,23256,fhi:git
county,Agder,2021-02-24,976,1110,18687,6655,6.05064709253569,2.154816524901,2086,25342,fhi:git
county,Agder,2021-02-25,718,1564,19405,8219,6.283127673283841,2.6612226924359597,2282,27624,fhi:git
county,Agder,2021-02-26,399,466,19804,8685,6.41231952804499,2.8121084175454802,865,28489,fhi:git
county,Agder,2021-02-27,0,1,19804,8686,6.41231952804499,2.8124322066551604,1,28490,fhi:git
county,Agder,2021-02-28,10,82,19814,8768,6.415557419141769,2.8389829136486804,92,28582,fhi:git
county,Agder,2021-03-01,262,0,20076,8768,6.5003901658771595,2.8389829136486804,262,28844,fhi:git
county,Agder,2021-03-02,578,192,20654,8960,6.687540271270519,2.90115042270668,770,29614,fhi:git
county,Agder,2021-03-03,635,878,21289,9838,6.89314635591547,3.18543726100316,1513,31127,fhi:git
county,Agder,2021-03-04,796,1067,22085,10905,7.15088248721843,3.53092024102861,1863,32990,fhi:git
county,Agder,2021-03-05,957,368,23042,11273,7.4607486651794,3.6500746333897798,1325,34315,fhi:git
county,Agder,2021-03-06,36,405,23078,11678,7.472405073127769,3.781209222809,441,34756,fhi:git
county,Agder,2021-03-07,3,0,23081,11678,7.473376440456799,3.781209222809,3,34759,fhi:git
county,Agder,2021-03-08,226,0,23307,11678,7.546552779243821,3.781209222809,226,34985,fhi:git
county,Agder,2021-03-09,723,141,24030,11819,7.78065230554036,3.8268634872734704,864,35849,fhi:git
county,Agder,2021-03-10,1031,784,25061,12603,8.11447887761743,4.0807141492603,1815,37664,fhi:git
county,Agder,2021-03-11,646,813,25707,13416,8.32364664246883,4.34395469542777,1459,39123,fhi:git
county,Agder,2021-03-12,97,323,25804,13739,8.35505418610751,4.44853857785347,420,39543,fhi:git
county,Agder,2021-03-13,0,0,25804,13739,8.35505418610751,4.44853857785347,0,39543,fhi:git
county,Agder,2021-03-14,0,0,25804,13739,8.35505418610751,4.44853857785347,0,39543,fhi:git
county,Agder,2021-03-15,0,3,25804,13742,8.35505418610751,4.4495099451825,3,39546,fhi:git
county,Agder,2021-03-16,239,14,26043,13756,8.43243978332033,4.454042992717981,253,39799,fhi:git
county,Agder,2021-03-17,1605,47,27648,13803,8.952121304352051,4.469261080872809,1652,41451,fhi:git
county,Agder,2021-03-18,1248,89,28896,13892,9.35621011322905,4.49807831163407,1337,42788,fhi:git
county,Agder,2021-03-19,264,40,29160,13932,9.441690438183802,4.5110298760211505,304,43092,fhi:git
county,Agder,2021-03-20,0,0,29160,13932,9.441690438183802,4.5110298760211505,0,43092,fhi:git
county,Agder,2021-03-21,17,53,29177,13985,9.44719485304831,4.52819069883404,70,43162,fhi:git
county,Agder,2021-03-22,9,1,29186,13986,9.45010895503541,4.52851448794371,10,43172,fhi:git
county,Agder,2021-03-23,313,14,29499,14000,9.55145494636433,4.533047535479191,327,43499,fhi:git
county,Agder,2021-03-24,2215,64,31714,14064,10.2686478242991,4.553770038498531,2279,45778,fhi:git
county,Agder,2021-03-25,1760,45,33474,14109,10.838516657330699,4.568340548433991,1805,47583,fhi:git
county,Innlandet,2020-12-27,0,0,0,0,0.0,0.0,0,0,fhi:git
county,Innlandet,2020-12-28,272,0,272,0,0.0732393607711674,0.0,272,272,fhi:git
county,Innlandet,2020-12-29,260,0,532,0,0.143247573273019,0.0,260,532,fhi:git
county,Innlandet,2020-12-30,149,0,681,0,0.183367664283695,0.0,149,681,fhi:git
county,Innlandet,2020-12-31,0,0,681,0,0.183367664283695,0.0,0,681,fhi:git
county,Innlandet,2021-01-01,0,0,681,0,0.183367664283695,0.0,0,681,fhi:git
county,Innlandet,2021-01-02,0,0,681,0,0.183367664283695,0.0,0,681,fhi:git
county,Innlandet,2021-01-03,0,0,681,0,0.183367664283695,0.0,0,681,fhi:git
county,Innlandet,2021-01-04,0,0,681,0,0.18375458374594897,0.0,0,681,fhi:git
county,Innlandet,2021-01-05,271,0,952,0,0.256878654517098,0.0,271,952,fhi:git
county,Innlandet,2021-01-06,703,0,1655,0,0.44656950969096293,0.0,703,1655,fhi:git
county,Innlandet,2021-01-07,696,0,2351,0,0.634371551228673,0.0,696,2351,fhi:git
county,Innlandet,2021-01-08,75,0,2426,0,0.654608840187478,0.0,75,2426,fhi:git
county,Innlandet,2021-01-09,0,0,2426,0,0.654608840187478,0.0,0,2426,fhi:git
county,Innlandet,2021-01-10,0,0,2426,0,0.654608840187478,0.0,0,2426,fhi:git
county,Innlandet,2021-01-11,50,0,2476,0,0.668100366160015,0.0,50,2476,fhi:git
county,Innlandet,2021-01-12,403,0,2879,0,0.7768420654986601,0.0,403,2879,fhi:git
county,Innlandet,2021-01-13,993,0,3872,0,1.04478377131324,0.0,993,3872,fhi:git
county,Innlandet,2021-01-14,957,0,4829,0,1.3030115784275902,0.0,957,4829,fhi:git
county,Innlandet,2021-01-15,280,0,5109,0,1.3785641238738,0.0,280,5109,fhi:git
county,Innlandet,2021-01-16,4,0,5113,0,1.3796434459516,0.0,4,5113,fhi:git
county,Innlandet,2021-01-17,0,0,5113,0,1.3796434459516,0.0,0,5113,fhi:git
county,Innlandet,2021-01-18,62,0,5175,0,1.39637293815754,0.0,62,5175,fhi:git
county,Innlandet,2021-01-19,331,318,5506,318,1.48568684009574,0.0858061051853331,649,5824,fhi:git
county,Innlandet,2021-01-20,663,252,6169,570,1.66458447449157,0.153803396086918,915,6739,fhi:git
county,Innlandet,2021-01-21,834,48,7003,618,1.88962312771348,0.166755261020553,882,7621,fhi:git
county,Innlandet,2021-01-22,239,0,7242,618,1.95411262186221,0.166755261020553,239,7860,fhi:git
county,Innlandet,2021-01-23,6,0,7248,618,1.9557316049789097,0.166755261020553,6,7866,fhi:git
county,Innlandet,2021-01-24,0,0,7248,618,1.9557316049789097,0.166755261020553,0,7866,fhi:git
county,Innlandet,2021-01-25,1,0,7249,618,1.9560014354983601,0.166755261020553,1,7867,fhi:git
county,Innlandet,2021-01-26,152,131,7401,749,1.9970156744548702,0.20210305906859902,283,8150,fhi:git
county,Innlandet,2021-01-27,934,604,8335,1353,2.2490373796218597,0.365080692816842,1538,9688,fhi:git
county,Innlandet,2021-01-28,903,708,9238,2061,2.49269433868587,0.556120700587961,1611,11299,fhi:git
county,Innlandet,2021-01-29,319,132,9557,2193,2.5787702743906604,0.591738329155457,451,11750,fhi:git
county,Innlandet,2021-01-30,2,0,9559,2193,2.57930993542956,0.591738329155457,2,11752,fhi:git
county,Innlandet,2021-01-31,1,0,9560,2193,2.57957976594901,0.591738329155457,1,11753,fhi:git
county,Innlandet,2021-02-01,9,49,9569,2242,2.58200824062406,0.604960024608543,58,11811,fhi:git
county,Innlandet,2021-02-02,610,341,10179,2583,2.7466048574890096,0.6969722317412429,951,12762,fhi:git
county,Innlandet,2021-02-03,2310,872,12489,3455,3.3699133574202,0.932264444702282,3182,15944,fhi:git
county,Innlandet,2021-02-04,2656,997,15145,4452,4.08658321708135,1.20128547259466,3653,19597,fhi:git
county,Innlandet,2021-02-05,814,271,15959,4723,4.30622525991425,1.27440954336581,1085,20682,fhi:git
county,Innlandet,2021-02-06,7,4,15966,4727,4.3081140735504,1.27548886544361,11,20693,fhi:git
county,Innlandet,2021-02-07,0,0,15966,4727,4.3081140735504,1.27548886544361,0,20693,fhi:git
county,Innlandet,2021-02-08,2,62,15968,4789,4.308653734589299,1.29221835764956,64,20757,fhi:git
county,Innlandet,2021-02-09,257,269,16225,5058,4.37800017808814,1.36480276738181,526,21283,fhi:git
county,Innlandet,2021-02-10,2055,589,18280,5647,4.9325018955594,1.5237329433382902,2644,23927,fhi:git
county,Innlandet,2021-02-11,2237,848,20517,6495,5.53611276757069,1.7525492238325102,3085,27012,fhi:git
county,Innlandet,2021-02-12,430,283,20947,6778,5.6521398909344995,1.8289112608370701,713,27725,fhi:git
county,Innlandet,2021-02-13,0,5,20947,6783,5.6521398909344995,1.83026041343432,5,27730,fhi:git
county,Innlandet,2021-02-14,1,0,20948,6783,5.65240972145396,1.83026041343432,1,27731,fhi:git
county,Innlandet,2021-02-15,86,14,21034,6797,5.67561514612672,1.8340380407066297,100,27831,fhi:git
county,Innlandet,2021-02-16,530,92,21564,6889,5.81862532143561,1.8588624484961,622,28453,fhi:git
county,Innlandet,2021-02-17,1573,782,23137,7671,6.24306872853161,2.0698699147065702,2355,30808,fhi:git
county,Innlandet,2021-02-18,1467,902,24604,8573,6.63891010056583,2.31325704325113,2369,33177,fhi:git
county,Innlandet,2021-02-19,541,296,25145,8869,6.784888411588679,2.39312687700855,837,34014,fhi:git
county,Innlandet,2021-02-20,0,3,25145,8872,6.784888411588679,2.3939363685668997,3,34017,fhi:git
county,Innlandet,2021-02-21,0,1,25145,8873,6.784888411588679,2.39420619908635,1,34018,fhi:git
county,Innlandet,2021-02-22,283,3,25428,8876,6.86125044859324,2.39501569064471,286,34304,fhi:git
county,Innlandet,2021-02-23,320,306,25748,9182,6.94759621481747,2.4775838295966297,626,34930,fhi:git
county,Innlandet,2021-02-24,850,2319,26598,11501,7.176952156350599,3.1033208042028795,3169,38099,fhi:git
county,Innlandet,2021-02-25,1747,2448,28345,13949,7.64834607383103,3.7638659158182697,4195,42294,fhi:git
county,Innlandet,2021-02-26,676,813,29021,14762,7.8307515049797205,3.9832381281317204,1489,43783,fhi:git
county,Innlandet,2021-02-27,3,1,29024,14763,7.83156099653807,3.9835079586511704,4,43787,fhi:git
county,Innlandet,2021-02-28,3,6,29027,14769,7.832370488096429,3.98512694176788,9,43796,fhi:git
county,Innlandet,2021-03-01,189,7,29216,14776,7.88336845627262,3.9870157554040295,196,43992,fhi:git
county,Innlandet,2021-03-02,527,159,29743,14935,8.025569140023151,4.0299188079967,686,44678,fhi:git
county,Innlandet,2021-03-03,1598,1969,31341,16904,8.456758310105421,4.561215100795191,3567,48245,fhi:git
county,Innlandet,2021-03-04,1520,2263,32861,19167,8.86690069967054,5.1718415663122,3783,52028,fhi:git
county,Innlandet,2021-03-05,547,421,33408,19588,9.01449799381009,5.2854402150009605,968,52996,fhi:git
county,Innlandet,2021-03-06,2,3,33410,19591,9.01503765484899,5.2862497065593095,5,53001,fhi:git
county,Innlandet,2021-03-07,0,0,33410,19591,9.01503765484899,5.2862497065593095,0,53001,fhi:git
county,Innlandet,2021-03-08,112,0,33522,19591,9.04525867302747,5.2862497065593095,112,53113,fhi:git
county,Innlandet,2021-03-09,936,311,34458,19902,9.29782003923336,5.37016699810849,1247,54360,fhi:git
county,Innlandet,2021-03-10,2023,1307,36481,21209,9.84368718008219,5.722835487030599,3330,57690,fhi:git
county,Innlandet,2021-03-11,1015,968,37496,22177,10.1175651573247,5.98403142985891,1983,59673,fhi:git
county,Innlandet,2021-03-12,43,179,37539,22356,10.1291678696611,6.0323310928405895,222,59895,fhi:git
county,Innlandet,2021-03-13,0,0,37539,22356,10.1291678696611,6.0323310928405895,0,59895,fhi:git
county,Innlandet,2021-03-14,0,7,37539,22363,10.1291678696611,6.034219906476739,7,59902,fhi:git
county,Innlandet,2021-03-15,25,3,37564,22366,10.1359136326473,6.03502939803509,28,59930,fhi:git
county,Innlandet,2021-03-16,360,9,37924,22375,10.2330526196496,6.03745787271015,369,60299,fhi:git
county,Innlandet,2021-03-17,1798,152,39722,22527,10.718207893622,6.0784721116666605,1950,62249,fhi:git
county,Innlandet,2021-03-18,1649,99,41371,22626,11.163158420196302,6.10518533309229,1748,63997,fhi:git
county,Innlandet,2021-03-19,188,20,41559,22646,11.213886557853,6.1105819434813,208,64205,fhi:git
county,Innlandet,2021-03-20,0,0,41559,22646,11.213886557853,6.1105819434813,0,64205,fhi:git
county,Innlandet,2021-03-21,1,0,41560,22646,11.2141563883725,6.1105819434813,1,64206,fhi:git
county,Innlandet,2021-03-22,98,7,41658,22653,11.2405997792786,6.112470757117451,105,64311,fhi:git
county,Innlandet,2021-03-23,809,51,42467,22704,11.4588926695143,6.12623211360944,860,65171,fhi:git
county,Innlandet,2021-03-24,3083,516,45550,23220,12.2907801609809,6.2654646616460195,3599,68770,fhi:git
county,Innlandet,2021-03-25,3107,305,48657,23525,13.129143584914301,6.34776297007849,3412,72182,fhi:git
county,Møre og Romsdal,2020-12-27,0,0,0,0,0.0,0.0,0,0,fhi:git
county,Møre og Romsdal,2020-12-28,0,0,0,0,0.0,0.0,0,0,fhi:git
county,Møre og Romsdal,2020-12-29,0,0,0,0,0.0,0.0,0,0,fhi:git
county,Møre og Romsdal,2020-12-30,0,0,0,0,0.0,0.0,0,0,fhi:git
county,Møre og Romsdal,2020-12-31,0,0,0,0,0.0,0.0,0,0,fhi:git
county,Møre og Romsdal,2021-01-01,0,0,0,0,0.0,0.0,0,0,fhi:git
county,Møre og Romsdal,2021-01-02,0,0,0,0,0.0,0.0,0,0,fhi:git
county,Møre og Romsdal,2021-01-03,0,0,0,0,0.0,0.0,0,0,fhi:git
county,Møre og Romsdal,2021-01-04,0,0,0,0,0.0,0.0,0,0,fhi:git
county,Møre og Romsdal,2021-01-05,186,0,186,0,0.0700448889826168,0.0,186,186,fhi:git
county,Møre og Romsdal,2021-01-06,496,0,682,0,0.256831259602928,0.0,496,682,fhi:git
county,Møre og Romsdal,2021-01-07,457,0,1139,0,0.42893079866236894,0.0,457,1139,fhi:git
county,Møre og Romsdal,2021-01-08,36,0,1175,0,0.44248787394932704,0.0,36,1175,fhi:git
county,Møre og Romsdal,2021-01-09,1,0,1176,0,0.442864459373964,0.0,1,1176,fhi:git
county,Møre og Romsdal,2021-01-10,0,0,1176,0,0.442864459373964,0.0,0,1176,fhi:git
county,Møre og Romsdal,2021-01-11,1,0,1177,0,0.443241044798602,0.0,1,1177,fhi:git
county,Møre og Romsdal,2021-01-12,225,0,1402,0,0.52797276534209,0.0,225,1402,fhi:git
county,Møre og Romsdal,2021-01-13,387,0,1789,0,0.6737113246768901,0.0,387,1789,fhi:git
county,Møre og Romsdal,2021-01-14,410,0,2199,0,0.828111348778357,0.0,410,2199,fhi:git
county,Møre og Romsdal,2021-01-15,151,0,2350,0,0.884975747898653,0.0,151,2350,fhi:git
county,Møre og Romsdal,2021-01-16,1,0,2351,0,0.885352333323291,0.0,1,2351,fhi:git
county,Møre og Romsdal,2021-01-17,2,0,2353,0,0.886105504172566,0.0,2,2353,fhi:git
county,Møre og Romsdal,2021-01-18,11,0,2364,0,0.890247943843582,0.0,11,2364,fhi:git
county,Møre og Romsdal,2021-01-19,203,0,2567,0,0.966694785045039,0.0,203,2567,fhi:git
county,Møre og Romsdal,2021-01-20,501,0,3068,0,1.15536408278854,0.0,501,3068,fhi:git
county,Møre og Romsdal,2021-01-21,800,0,3868,0,1.45663242249872,0.0,800,3868,fhi:git
county,Møre og Romsdal,2021-01-22,212,0,4080,0,1.5364685325219198,0.0,212,4080,fhi:git
county,Møre og Romsdal,2021-01-23,0,0,4080,0,1.5364685325219198,0.0,0,4080,fhi:git
county,Møre og Romsdal,2021-01-24,0,0,4080,0,1.5364685325219198,0.0,0,4080,fhi:git
county,Møre og Romsdal,2021-01-25,3,0,4083,0,1.53759828879583,0.0,3,4083,fhi:git
county,Møre og Romsdal,2021-01-26,78,129,4161,129,1.56697195191757,0.0485795197782665,207,4290,fhi:git
county,Møre og Romsdal,2021-01-27,543,358,4704,487,1.77145783749586,0.183397101798572,901,5191,fhi:git
county,Møre og Romsdal,2021-01-28,493,509,5197,996,1.95711445184226,0.375079082939174,1002,6193,fhi:git
county,Møre og Romsdal,2021-01-29,99,78,5296,1074,1.9943964088813897,0.404452746060916,177,6370,fhi:git
county,Møre og Romsdal,2021-01-30,0,1,5296,1075,1.9943964088813897,0.404829331485554,1,6371,fhi:git
county,Møre og Romsdal,2021-01-31,0,0,5296,1075,1.9943964088813897,0.404829331485554,0,6371,fhi:git
county,Møre og Romsdal,2021-02-01,0,0,5296,1075,1.9943964088813897,0.404829331485554,0,6371,fhi:git
county,Møre og Romsdal,2021-02-02,291,193,5587,1268,2.10398276745097,0.47751031844063496,484,6855,fhi:git
county,Møre og Romsdal,2021-02-03,1063,312,6650,1580,2.5042930738408704,0.595004970927605,1375,8230,fhi:git
county,Møre og Romsdal,2021-02-04,1545,463,8195,2043,3.0861175549061604,0.7693640225348721,2008,10238,fhi:git
county,Møre og Romsdal,2021-02-05,219,155,8414,2198,3.16858976290182,0.8277347633537191,374,10612,fhi:git
county,Møre og Romsdal,2021-02-06,1,2,8415,2200,3.16896634832645,0.828487934202995,3,10615,fhi:git
county,Møre og Romsdal,2021-02-07,0,1,8415,2201,3.16896634832645,0.8288645196276321,1,10616,fhi:git
county,Møre og Romsdal,2021-02-08,1,2,8416,2203,3.1693429337510897,0.8296176904769079,3,10619,fhi:git
county,Møre og Romsdal,2021-02-09,326,183,8742,2386,3.2921097821829903,0.8985328231856109,509,11128,fhi:git
county,Møre og Romsdal,2021-02-10,1258,436,10000,2822,3.7658542463772497,1.06272406832766,1694,12822,fhi:git
county,Møre og Romsdal,2021-02-11,1254,804,11254,3626,4.238092368872961,1.3654987497363897,2058,14880,fhi:git
county,Møre og Romsdal,2021-02-12,295,207,11549,3833,4.34918506914108,1.4434519326364,502,15382,fhi:git
county,Møre og Romsdal,2021-02-13,24,0,11573,3833,4.358223119332391,1.4434519326364,24,15406,fhi:git
county,Møre og Romsdal,2021-02-14,0,0,11573,3833,4.358223119332391,1.4434519326364,0,15406,fhi:git
county,Møre og Romsdal,2021-02-15,1,8,11574,3841,4.35859970475703,1.4464646160335002,9,15415,fhi:git
county,Møre og Romsdal,2021-02-16,354,58,11928,3899,4.49191094507878,1.46830657066249,412,15827,fhi:git
county,Møre og Romsdal,2021-02-17,1204,424,13132,4323,4.945319796342599,1.6279787907088799,1628,17455,fhi:git
county,Møre og Romsdal,2021-02-18,1165,522,14297,4845,5.38404181604555,1.82455638236978,1687,19142,fhi:git
county,Møre og Romsdal,2021-02-19,499,94,14796,4939,5.57195794293978,1.85995541228572,593,19735,fhi:git
county,Møre og Romsdal,2021-02-20,11,0,14807,4939,5.5761003826107896,1.85995541228572,11,19746,fhi:git
county,Møre og Romsdal,2021-02-21,0,0,14807,4939,5.5761003826107896,1.85995541228572,0,19746,fhi:git
county,Møre og Romsdal,2021-02-22,15,0,14822,4939,5.58174916398036,1.85995541228572,15,19761,fhi:git
county,Møre og Romsdal,2021-02-23,392,223,15214,5162,5.729370650438349,1.9439339619799398,615,20376,fhi:git
county,Møre og Romsdal,2021-02-24,729,876,15943,6038,6.00390142499925,2.27382279396258,1605,21981,fhi:git
county,Møre og Romsdal,2021-02-25,704,1474,16647,7512,6.269017563944209,2.82890970987859,2178,24159,fhi:git
county,Møre og Romsdal,2021-02-26,260,203,16907,7715,6.36692977435001,2.90535655108005,463,24622,fhi:git
county,Møre og Romsdal,2021-02-27,2,1,16909,7716,6.367682945199291,2.90573313650468,3,24625,fhi:git
county,Møre og Romsdal,2021-02-28,0,0,16909,7716,6.367682945199291,2.90573313650468,0,24625,fhi:git
county,Møre og Romsdal,2021-03-01,100,1,17009,7717,6.405341487663059,2.90610972192932,101,24726,fhi:git
county,Møre og Romsdal,2021-03-02,741,251,17750,7968,6.684391287319619,3.0006326635133904,992,25718,fhi:git
county,Møre og Romsdal,2021-03-03,869,1116,18619,9084,7.0116440213298,3.4209019974090897,1985,27703,fhi:git
county,Møre og Romsdal,2021-03-04,988,1304,19607,10388,7.3837104208718705,3.9119693911366897,2292,29995,fhi:git
county,Møre og Romsdal,2021-03-05,815,274,20422,10662,7.690627541951621,4.01515379748742,1089,31084,fhi:git
county,Møre og Romsdal,2021-03-06,3,6,20425,10668,7.6917572982255304,4.01741331003525,9,31093,fhi:git
county,Møre og Romsdal,2021-03-07,0,0,20425,10668,7.6917572982255304,4.01741331003525,0,31093,fhi:git
county,Møre og Romsdal,2021-03-08,157,0,20582,10668,7.75088120989365,4.01741331003525,157,31250,fhi:git
county,Møre og Romsdal,2021-03-09,669,238,21251,10906,8.00281685897629,4.107040641099029,907,32157,fhi:git
county,Møre og Romsdal,2021-03-10,1286,946,22537,11852,8.487105715060402,4.4632904528063095,2232,34389,fhi:git
county,Møre og Romsdal,2021-03-11,539,973,23076,12825,8.69008525894014,4.82970807097882,1512,35901,fhi:git
county,Møre og Romsdal,2021-03-12,67,248,23143,13073,8.71531648239087,4.92310125628898,315,36216,fhi:git
county,Møre og Romsdal,2021-03-13,0,16,23143,13089,8.71531648239087,4.92912662308318,16,36232,fhi:git
county,Møre og Romsdal,2021-03-14,0,0,23143,13089,8.71531648239087,4.92912662308318,0,36232,fhi:git
county,Møre og Romsdal,2021-03-15,0,1,23143,13090,8.71531648239087,4.92950320850782,1,36233,fhi:git
county,Møre og Romsdal,2021-03-16,334,10,23477,13100,8.84109601421987,4.9332690627542,344,36577,fhi:git
county,Møre og Romsdal,2021-03-17,1536,128,25013,13228,9.419531226463409,4.98147199710782,1664,38241,fhi:git
county,Møre og Romsdal,2021-03-18,1485,60,26498,13288,9.97876058205043,5.00406712258609,1545,39786,fhi:git
county,Møre og Romsdal,2021-03-19,205,37,26703,13325,10.0559605941012,5.01800078329768,242,40028,fhi:git
county,Møre og Romsdal,2021-03-20,18,0,26721,13325,10.0627391317446,5.01800078329768,18,40046,fhi:git
county,Møre og Romsdal,2021-03-21,0,0,26721,13325,10.0627391317446,5.01800078329768,0,40046,fhi:git
county,Møre og Romsdal,2021-03-22,1,1,26722,13326,10.0631157171693,5.01837736872232,2,40048,fhi:git
county,Møre og Romsdal,2021-03-23,585,13,27307,13339,10.2834181905824,5.02327297924261,598,40646,fhi:git
county,Møre og Romsdal,2021-03-24,1806,35,29113,13374,10.963531467478099,5.03645346910493,1841,42487,fhi:git
county,Møre og Romsdal,2021-03-25,2155,52,31268,13426,11.775073057572401,5.05603591118609,2207,44694,fhi:git
county,Nordland,2020-12-27,0,0,0,0,0.0,0.0,0,0,fhi:git
county,Nordland,2020-12-28,0,0,0,0,0.0,0.0,0,0,fhi:git
county,Nordland,2020-12-29,0,0,0,0,0.0,0.0,0,0,fhi:git
county,Nordland,2020-12-30,1,0,1,0,0.00041453354612722,0.0,1,1,fhi:git
county,Nordland,2020-12-31,0,0,1,0,0.00041453354612722,0.0,0,1,fhi:git
county,Nordland,2021-01-01,0,0,1,0,0.00041453354612722,0.0,0,1,fhi:git
county,Nordland,2021-01-02,0,0,1,0,0.00041453354612722,0.0,0,1,fhi:git
county,Nordland,2021-01-03,0,0,1,0,0.00041453354612722,0.0,0,1,fhi:git
county,Nordland,2021-01-04,0,0,1,0,0.000416068568100023,0.0,0,1,fhi:git
county,Nordland,2021-01-05,200,0,201,0,0.0836297821881046,0.0,200,201,fhi:git
county,Nordland,2021-01-06,686,0,887,0,0.36905281990471994,0.0,686,887,fhi:git
county,Nordland,2021-01-07,238,0,1125,0,0.468077139112526,0.0,238,1125,fhi:git
county,Nordland,2021-01-08,114,0,1239,0,0.5155089558759279,0.0,114,1239,fhi:git
county,Nordland,2021-01-09,0,0,1239,0,0.5155089558759279,0.0,0,1239,fhi:git
county,Nordland,2021-01-10,0,0,1239,0,0.5155089558759279,0.0,0,1239,fhi:git
county,Nordland,2021-01-11,0,0,1239,0,0.5155089558759279,0.0,0,1239,fhi:git
county,Nordland,2021-01-12,292,0,1531,0,0.6370009777611351,0.0,292,1531,fhi:git
county,Nordland,2021-01-13,627,0,2158,0,0.8978759699598491,0.0,627,2158,fhi:git
county,Nordland,2021-01-14,272,0,2430,0,1.01104662048306,0.0,272,2430,fhi:git
county,Nordland,2021-01-15,69,0,2499,0,1.03975535168196,0.0,69,2499,fhi:git
county,Nordland,2021-01-16,0,0,2499,0,1.03975535168196,0.0,0,2499,fhi:git
county,Nordland,2021-01-17,1,0,2500,0,1.04017142025006,0.0,1,2500,fhi:git
county,Nordland,2021-01-18,0,0,2500,0,1.04017142025006,0.0,0,2500,fhi:git
county,Nordland,2021-01-19,313,0,2813,0,1.1704008820653602,0.0,313,2813,fhi:git
county,Nordland,2021-01-20,786,0,3599,0,1.4974307765919799,0.0,786,3599,fhi:git
county,Nordland,2021-01-21,616,0,4215,0,1.7537290145416,0.0,616,4215,fhi:git
county,Nordland,2021-01-22,173,0,4388,0,1.8257088768229,0.0,173,4388,fhi:git
county,Nordland,2021-01-23,4,0,4392,0,1.8273731510953,0.0,4,4392,fhi:git
county,Nordland,2021-01-24,0,0,4392,0,1.8273731510953,0.0,0,4392,fhi:git
county,Nordland,2021-01-25,51,0,4443,0,1.8485926480684,0.0,51,4443,fhi:git
county,Nordland,2021-01-26,119,90,4562,90,1.8981048076723,0.0374461711290021,209,4652,fhi:git
county,Nordland,2021-01-27,626,528,5188,618,2.15856373130292,0.257130375085814,1154,5806,fhi:git
county,Nordland,2021-01-28,471,365,5659,983,2.35453202687803,0.40899540244232296,836,6642,fhi:git
county,Nordland,2021-01-29,212,144,5871,1127,2.44273856331523,0.468909276248726,356,6998,fhi:git
county,Nordland,2021-01-30,1,0,5872,1127,2.44315463188333,0.468909276248726,1,6999,fhi:git
county,Nordland,2021-01-31,0,0,5872,1127,2.44315463188333,0.468909276248726,0,6999,fhi:git
county,Nordland,2021-02-01,9,4,5881,1131,2.4468992489962402,0.47057355052112604,13,7012,fhi:git
county,Nordland,2021-02-02,111,200,5992,1331,2.49308286005534,0.553787264141131,311,7323,fhi:git
county,Nordland,2021-02-03,1419,456,7411,1787,3.08348415818927,0.743514531194741,1875,9198,fhi:git
county,Nordland,2021-02-04,1670,347,9081,2134,3.7783186669163102,0.8878903243254491,2017,11215,fhi:git
county,Nordland,2021-02-05,329,155,9410,2289,3.91520522582122,0.9523809523809521,484,11699,fhi:git
county,Nordland,2021-02-06,0,0,9410,2289,3.91520522582122,0.9523809523809521,0,11699,fhi:git
county,Nordland,2021-02-07,1,0,9411,2289,3.91562129438932,0.9523809523809521,1,11700,fhi:git
county,Nordland,2021-02-08,7,1,9418,2290,3.91853377436602,0.9527970209490519,8,11708,fhi:git
county,Nordland,2021-02-09,70,262,9488,2552,3.94765857413302,1.06180698579126,332,12040,fhi:git
county,Nordland,2021-02-10,2030,633,11518,3185,4.792277767376059,1.32517838939857,2663,14703,fhi:git
county,Nordland,2021-02-11,1222,583,12740,3768,5.30071355759429,1.56774636460089,1805,16508,fhi:git
county,Nordland,2021-02-12,287,238,13027,4006,5.4201252366390005,1.66677068380869,525,17033,fhi:git
county,Nordland,2021-02-13,53,3,13080,4009,5.442176870748299,1.6680188895129902,56,17089,fhi:git
county,Nordland,2021-02-14,0,0,13080,4009,5.442176870748299,1.6680188895129902,0,17089,fhi:git
county,Nordland,2021-02-15,0,1,13080,4010,5.442176870748299,1.6684349580810902,1,17090,fhi:git
county,Nordland,2021-02-16,223,71,13303,4081,5.534960161434599,1.69797582641619,294,17384,fhi:git
county,Nordland,2021-02-17,1490,515,14793,4596,6.154902327903639,1.91225113898771,2005,19389,fhi:git
county,Nordland,2021-02-18,849,607,15642,5203,6.508144542220559,2.16480475982442,1456,20845,fhi:git
county,Nordland,2021-02-19,306,231,15948,5434,6.635461524059171,2.26091659905552,537,21382,fhi:git
county,Nordland,2021-02-20,1,1,15949,5435,6.635877592627269,2.26133266762362,2,21384,fhi:git
county,Nordland,2021-02-21,0,0,15949,5435,6.635877592627269,2.26133266762362,0,21384,fhi:git
county,Nordland,2021-02-22,270,0,16219,5435,6.74821610601427,2.26133266762362,270,21654,fhi:git
county,Nordland,2021-02-23,308,56,16527,5491,6.8763652249890805,2.2846325074372302,364,22018,fhi:git
county,Nordland,2021-02-24,973,1008,17500,6499,7.2811999417504,2.70402962408205,1981,23999,fhi:git
county,Nordland,2021-02-25,591,1849,18091,8348,7.527096465497509,3.47334040649899,2440,26439,fhi:git
county,Nordland,2021-02-26,423,396,18514,8744,7.703093469803821,3.6381035594666,819,27258,fhi:git
county,Nordland,2021-02-27,1,4,18515,8748,7.703509538371919,3.639767833739,5,27263,fhi:git
county,Nordland,2021-02-28,0,1,18515,8749,7.703509538371919,3.6401839023071,1,27264,fhi:git
county,Nordland,2021-03-01,240,0,18755,8749,7.80336599471593,3.6401839023071,240,27504,fhi:git
county,Nordland,2021-03-02,517,50,19272,8799,8.01847344442364,3.6609873307121004,567,28071,fhi:git
county,Nordland,2021-03-03,621,1582,19893,10381,8.27685202521376,4.319207805446339,2203,30274,fhi:git
county,Nordland,2021-03-04,718,1366,20611,11747,8.57558925710957,4.88755746947097,2084,32358,fhi:git
county,Nordland,2021-03-05,440,339,21051,12086,8.75865942707358,5.02860471405688,779,33137,fhi:git
county,Nordland,2021-03-06,13,51,21064,12137,8.76406831845888,5.04982421102998,64,33201,fhi:git
county,Nordland,2021-03-07,0,0,21064,12137,8.76406831845888,5.04982421102998,0,33201,fhi:git
county,Nordland,2021-03-08,360,0,21424,12137,8.913853002974891,5.04982421102998,360,33561,fhi:git
county,Nordland,2021-03-09,651,51,22075,12188,9.184713640808,5.07104370800308,702,34263,fhi:git
county,Nordland,2021-03-10,1208,1184,23283,13372,9.68732447107283,5.56366889263351,2392,36655,fhi:git
county,Nordland,2021-03-11,729,989,24012,14361,9.99063845721775,5.97516070648443,1718,38373,fhi:git
county,Nordland,2021-03-12,70,252,24082,14613,10.0197632569848,6.08000998564564,322,38695,fhi:git
county,Nordland,2021-03-13,3,2,24085,14615,10.0210114626891,6.08084212278183,5,38700,fhi:git
county,Nordland,2021-03-14,0,0,24085,14615,10.0210114626891,6.08084212278183,0,38700,fhi:git
county,Nordland,2021-03-15,0,1,24085,14616,10.0210114626891,6.08125819134993,1,38701,fhi:git
county,Nordland,2021-03-16,118,5,24203,14621,10.0701075537249,6.083338534190429,123,38824,fhi:git
county,Nordland,2021-03-17,902,64,25105,14685,10.445401402151099,6.10996692254884,966,39790,fhi:git
county,Nordland,2021-03-18,1159,73,26264,14758,10.927624872579,6.14033992802014,1232,41022,fhi:git
county,Nordland,2021-03-19,226,28,26490,14786,11.0216563689696,6.151989847926941,254,41276,fhi:git
county,Nordland,2021-03-20,39,0,26529,14786,11.0378830431255,6.151989847926941,39,41315,fhi:git
county,Nordland,2021-03-21,0,0,26529,14786,11.0378830431255,6.151989847926941,0,41315,fhi:git
county,Nordland,2021-03-22,36,2,26565,14788,11.0528615115771,6.152821985063139,38,41353,fhi:git
county,Nordland,2021-03-23,560,8,27125,14796,11.2858599097131,6.15615053360794,568,41921,fhi:git
county,Nordland,2021-03-24,2136,42,29261,14838,12.1745823711748,6.173625413468139,2178,44099,fhi:git
county,Nordland,2021-03-25,1549,59,30810,14897,12.8190725831617,6.19817345898604,1608,45707,fhi:git
county,Oslo,2020-12-27,5,0,5,0,0.00072098677133472,0.0,5,5,fhi:git
county,Oslo,2020-12-28,264,0,269,0,0.0387890882978079,0.0,264,269,fhi:git
county,Oslo,2020-12-29,118,0,387,0,0.0558043761013073,0.0,118,387,fhi:git
county,Oslo,2020-12-30,58,0,445,0,0.06416782264879001,0.0,58,445,fhi:git
county,Oslo,2020-12-31,5,0,450,0,0.0648888094201248,0.0,5,450,fhi:git
county,Oslo,2021-01-01,6,0,456,0,0.0657539935457264,0.0,6,456,fhi:git
county,Oslo,2021-01-02,0,0,456,0,0.0657539935457264,0.0,0,456,fhi:git
county,Oslo,2021-01-03,0,0,456,0,0.0657539935457264,0.0,0,456,fhi:git
county,Oslo,2021-01-04,0,0,456,0,0.06542230384069099,0.0,0,456,fhi:git
county,Oslo,2021-01-05,479,0,935,0,0.13414441686632902,0.0,479,935,fhi:git
county,Oslo,2021-01-06,603,0,1538,0,0.22065680549776898,0.0,603,1538,fhi:git
county,Oslo,2021-01-07,966,0,2504,0,0.359248791265549,0.0,966,2504,fhi:git
county,Oslo,2021-01-08,450,0,2954,0,0.42381027531886206,0.0,450,2954,fhi:git
county,Oslo,2021-01-09,127,0,3081,0,0.442030960818353,0.0,127,3081,fhi:git
county,Oslo,2021-01-10,100,0,3181,0,0.45637795727464503,0.0,100,3181,fhi:git
county,Oslo,2021-01-11,77,0,3258,0,0.46742514454598905,0.0,77,3258,fhi:git
county,Oslo,2021-01-12,241,0,3499,0,0.5020014060056529,0.0,241,3499,fhi:git
county,Oslo,2021-01-13,489,0,3988,0,0.57215821867692,0.0,489,3988,fhi:git
county,Oslo,2021-01-14,1239,0,5227,0,0.7499175047703759,0.0,1239,5227,fhi:git
county,Oslo,2021-01-15,1636,0,6863,0,0.984634366795311,0.0,1636,6863,fhi:git
county,Oslo,2021-01-16,643,0,7506,0,1.07688555400927,0.0,643,7506,fhi:git
county,Oslo,2021-01-17,276,5,7782,5,1.11648326422863,0.0007173498228145941,281,7787,fhi:git
county,Oslo,2021-01-18,759,231,8541,236,1.22537696733189,0.0338589116368488,990,8777,fhi:git
county,Oslo,2021-01-19,811,70,9352,306,1.34173110859242,0.0439018091562531,881,9658,fhi:git
county,Oslo,2021-01-20,991,99,10343,405,1.4839098434742701,0.0581053356479821,1090,10748,fhi:git
county,Oslo,2021-01-21,1022,21,11365,426,1.6305361472575701,0.0611182049038034,1043,11791,fhi:git
county,Oslo,2021-01-22,669,6,12034,432,1.72651755355016,0.0619790246911809,675,12466,fhi:git
county,Oslo,2021-01-23,232,0,12266,432,1.7598025853287602,0.0619790246911809,232,12698,fhi:git
county,Oslo,2021-01-24,67,0,12333,432,1.76941507295448,0.0619790246911809,67,12765,fhi:git
county,Oslo,2021-01-25,258,0,12591,432,1.8064303238117099,0.0619790246911809,258,13023,fhi:git
county,Oslo,2021-01-26,312,404,12903,836,1.8511929527553401,0.11994089037460001,716,13739,fhi:git
county,Oslo,2021-01-27,1035,527,13938,1363,1.9996843660779597,0.19554956169925797,1562,15301,fhi:git
county,Oslo,2021-01-28,870,842,14808,2205,2.1245032352477,0.316351271861236,1712,17013,fhi:git
county,Oslo,2021-01-29,427,503,15235,2708,2.1857649101160703,0.388516664036384,930,17943,fhi:git
county,Oslo,2021-01-30,94,152,15329,2860,2.19925108678498,0.410324098649948,246,18189,fhi:git
county,Oslo,2021-01-31,61,45,15390,2905,2.20800275462332,0.416780247055279,106,18295,fhi:git
county,Oslo,2021-02-01,53,47,15443,2952,2.21560666274515,0.423523335389736,100,18395,fhi:git
county,Oslo,2021-02-02,1523,151,16966,3103,2.43411141877448,0.4451873000387371,1674,20069,fhi:git
county,Oslo,2021-02-03,2456,456,19422,3559,2.78647365174101,0.510609603879428,2912,22981,fhi:git
county,Oslo,2021-02-04,2050,1236,21472,4795,3.0805870790949905,0.6879384800791949,3286,26267,fhi:git
county,Oslo,2021-02-05,1382,1567,22854,6362,3.27886257012095,0.9127559145492891,2949,29216,fhi:git
county,Oslo,2021-02-06,243,630,23097,6992,3.31372577150973,1.00314199222393,873,30089,fhi:git
county,Oslo,2021-02-07,215,270,23312,7262,3.34457181389076,1.04187888265592,485,30574,fhi:git
county,Oslo,2021-02-08,46,443,23358,7705,3.35117143226066,1.10543607695729,489,31063,fhi:git
county,Oslo,2021-02-09,1165,245,24523,7950,3.51831394097646,1.1405862182752,1410,32473,fhi:git
county,Oslo,2021-02-10,1830,812,26353,8762,3.7808639761266,1.25708382950029,2642,35115,fhi:git
county,Oslo,2021-02-11,1584,746,27937,9508,4.00812039999426,1.36411242306423,2330,37445,fhi:git
county,Oslo,2021-02-12,1358,424,29295,9932,4.20295261187071,1.4249436880389101,1782,39227,fhi:git
county,Oslo,2021-02-13,273,193,29568,10125,4.2421199121963795,1.45263339119955,466,39693,fhi:git
county,Oslo,2021-02-14,103,0,29671,10125,4.25689731854636,1.45263339119955,103,39796,fhi:git
county,Oslo,2021-02-15,261,444,29932,10569,4.29434297929728,1.5163340554654898,705,40501,fhi:git
county,Oslo,2021-02-16,723,771,30655,11340,4.39807176367627,1.6269493981435001,1494,41995,fhi:git
county,Oslo,2021-02-17,1461,1081,32116,12421,4.6076813819027,1.78204042983601,2542,44537,fhi:git
county,Oslo,2021-02-18,1072,920,33188,13341,4.76148118391415,1.9140327972338997,1992,46529,fhi:git
county,Oslo,2021-02-19,1494,970,34682,14311,4.9758253109711506,2.0531986628599297,2464,48993,fhi:git
county,Oslo,2021-02-20,100,114,34782,14425,4.99017230742744,2.0695542388201003,214,49207,fhi:git
county,Oslo,2021-02-21,4,61,34786,14486,4.990746187285691,2.0783059066584397,65,49272,fhi:git
county,Oslo,2021-02-22,602,112,35388,14598,5.07711510595257,2.09437454268949,714,49986,fhi:git
county,Oslo,2021-02-23,338,1527,35726,16125,5.12560795397484,2.31345317857707,1865,51851,fhi:git
county,Oslo,2021-02-24,685,2341,36411,18466,5.2238848797004405,2.64931636561886,3026,54877,fhi:git
county,Oslo,2021-02-25,596,1952,37007,20418,5.30939297857993,2.9293697364456803,2548,57425,fhi:git
county,Oslo,2021-02-26,766,1373,37773,21791,5.41929097143513,3.1263539977905603,2139,59564,fhi:git
county,Oslo,2021-02-27,258,103,38031,21894,5.45630622229236,3.14113140414054,361,59925,fhi:git
county,Oslo,2021-02-28,101,62,38132,21956,5.470796688713219,3.15002654194344,163,60088,fhi:git
county,Oslo,2021-03-01,1041,38,39173,21994,5.62014892182322,3.1554784005968397,1079,61167,fhi:git
county,Oslo,2021-03-02,767,135,39940,22129,5.73019038464298,3.1748468458128305,902,62069,fhi:git
county,Oslo,2021-03-03,1359,168,41299,22297,5.92516606648398,3.1989497998594,1527,63596,fhi:git
county,Oslo,2021-03-04,1180,203,42479,22500,6.094460624668231,3.22807420266567,1383,64979,fhi:git
county,Oslo,2021-03-05,1289,67,43768,22567,6.27939340898983,3.2376866902913903,1356,66335,fhi:git
county,Oslo,2021-03-06,97,3,43865,22570,6.2933099955524305,3.23811710018508,100,66435,fhi:git
county,Oslo,2021-03-07,68,0,43933,22570,6.30306595314271,3.23811710018508,68,66503,fhi:git
county,Oslo,2021-03-08,651,10,44584,22580,6.39646490007317,3.2395517998307097,661,67164,fhi:git
county,Oslo,2021-03-09,774,1329,45358,23909,6.5075106526448705,3.4302233827348196,2103,69267,fhi:git
county,Oslo,2021-03-10,1190,2390,46548,26299,6.6782399104747405,3.7731165980402004,3580,72847,fhi:git
county,Oslo,2021-03-11,861,2371,47409,28670,6.80176754996342,4.11328388401888,3232,76079,fhi:git
county,Oslo,2021-03-12,278,1636,47687,30306,6.84165220011191,4.3480007460438195,1914,77993,fhi:git
county,Oslo,2021-03-13,16,265,47703,30571,6.84394771954491,4.38602028665299,281,78274,fhi:git
county,Oslo,2021-03-14,1,97,47704,30668,6.84409118950948,4.39993687321559,98,78372,fhi:git
county,Oslo,2021-03-15,24,357,47728,31025,6.847534468658989,4.45115565056455,381,78753,fhi:git
county,Oslo,2021-03-16,1008,119,48736,31144,6.99215219293841,4.46822857634754,1127,79880,fhi:git
county,Oslo,2021-03-17,2732,91,51468,31235,7.384112136124299,4.48128434312277,2823,82703,fhi:git
county,Oslo,2021-03-18,2026,112,53494,31347,7.6747822843287805,4.49735297915381,2138,84841,fhi:git
county,Oslo,2021-03-19,1989,186,55483,31533,7.960144043844419,4.524038392562519,2175,87016,fhi:git
county,Oslo,2021-03-20,394,17,55877,31550,8.01667120988221,4.52647738196009,411,87427,fhi:git
county,Oslo,2021-03-21,162,14,56039,31564,8.0399133441414,4.52848596146397,176,87603,fhi:git
county,Oslo,2021-03-22,937,10,56976,31574,8.17434470093686,4.5299206611096,947,88550,fhi:git
county,Oslo,2021-03-23,3310,103,60286,31677,8.64923028364012,4.5446980674595805,3413,91963,fhi:git
county,Oslo,2021-03-24,5111,210,65397,31887,9.382505272521199,4.57482676001779,5321,97284,fhi:git
county,Oslo,2021-03-25,4699,48,70096,31935,10.0566706360024,4.58171331831681,4747,102031,fhi:git
county,Rogaland,2020-12-27,0,0,0,0,0.0,0.0,0,0,fhi:git
county,Rogaland,2020-12-28,1,0,1,0,0.00020838021888258202,0.0,1,1,fhi:git
county,Rogaland,2020-12-29,0,0,1,0,0.00020838021888258202,0.0,0,1,fhi:git
county,Rogaland,2020-12-30,0,0,1,0,0.00020838021888258202,0.0,0,1,fhi:git
county,Rogaland,2020-12-31,0,0,1,0,0.00020838021888258202,0.0,0,1,fhi:git
county,Rogaland,2021-01-01,0,0,1,0,0.00020838021888258202,0.0,0,1,fhi:git
county,Rogaland,2021-01-02,0,0,1,0,0.00020838021888258202,0.0,0,1,fhi:git
county,Rogaland,2021-01-03,0,0,1,0,0.00020838021888258202,0.0,0,1,fhi:git
county,Rogaland,2021-01-04,0,0,1,0,0.00020719162117084,0.0,0,1,fhi:git
county,Rogaland,2021-01-05,548,0,549,0,0.11374820002279101,0.0,548,549,fhi:git
county,Rogaland,2021-01-06,641,0,1190,0,0.24655802919329897,0.0,641,1190,fhi:git
county,Rogaland,2021-01-07,212,0,1402,0,0.290482652881517,0.0,212,1402,fhi:git
county,Rogaland,2021-01-08,20,0,1422,0,0.29462648530493396,0.0,20,1422,fhi:git
county,Rogaland,2021-01-09,1,0,1423,0,0.29483367692610496,0.0,1,1423,fhi:git
county,Rogaland,2021-01-10,0,0,1423,0,0.29483367692610496,0.0,0,1423,fhi:git
county,Rogaland,2021-01-11,2,0,1425,0,0.295248060168447,0.0,2,1425,fhi:git
county,Rogaland,2021-01-12,117,0,1542,0,0.31948947984543496,0.0,117,1542,fhi:git
county,Rogaland,2021-01-13,761,0,2303,0,0.47716230355644396,0.0,761,2303,fhi:git
county,Rogaland,2021-01-14,535,0,2838,0,0.588009820882844,0.0,535,2838,fhi:git
county,Rogaland,2021-01-15,291,0,3129,0,0.648302582643558,0.0,291,3129,fhi:git
county,Rogaland,2021-01-16,0,0,3129,0,0.648302582643558,0.0,0,3129,fhi:git
county,Rogaland,2021-01-17,2,0,3131,0,0.6487169658859,0.0,2,3131,fhi:git
county,Rogaland,2021-01-18,71,0,3202,0,0.6634275709890289,0.0,71,3202,fhi:git
county,Rogaland,2021-01-19,512,0,3714,0,0.769509681028499,0.0,512,3714,fhi:git
county,Rogaland,2021-01-20,656,0,4370,0,0.90542738451657,0.0,656,4370,fhi:git
county,Rogaland,2021-01-21,429,0,4799,0,0.99431258999886,0.0,429,4799,fhi:git
county,Rogaland,2021-01-22,272,0,5071,0,1.05066871095733,0.0,272,5071,fhi:git
county,Rogaland,2021-01-23,0,0,5071,0,1.05066871095733,0.0,0,5071,fhi:git
county,Rogaland,2021-01-24,0,0,5071,0,1.05066871095733,0.0,0,5071,fhi:git
county,Rogaland,2021-01-25,150,0,5221,0,1.08174745413296,0.0,150,5221,fhi:git
county,Rogaland,2021-01-26,338,381,5559,381,1.1517782220886998,0.07894000766609,719,5940,fhi:git
county,Rogaland,2021-01-27,865,603,6424,984,1.3309989744014799,0.203876555232106,1468,7408,fhi:git
county,Rogaland,2021-01-28,524,283,6948,1267,1.4395673838949998,0.262511784023454,807,8215,fhi:git
county,Rogaland,2021-01-29,410,22,7358,1289,1.5245159485750401,0.267069999689213,432,8647,fhi:git
county,Rogaland,2021-01-30,4,1,7362,1290,1.52534471505972,0.267277191310383,5,8652,fhi:git
county,Rogaland,2021-01-31,0,0,7362,1290,1.52534471505972,0.267277191310383,0,8652,fhi:git
county,Rogaland,2021-02-01,13,5,7375,1295,1.52803820613494,0.268313149416238,18,8670,fhi:git
county,Rogaland,2021-02-02,451,77,7826,1372,1.62148162728299,0.28426690424639195,528,9198,fhi:git
county,Rogaland,2021-02-03,2431,635,10257,2007,2.1251644583493,0.41583358368987605,3066,12264,fhi:git
county,Rogaland,2021-02-04,1887,550,12144,2557,2.51613504749868,0.529788975333838,2437,14701,fhi:git
county,Rogaland,2021-02-05,656,281,12800,2838,2.65205275098675,0.588009820882844,937,15638,fhi:git
county,Rogaland,2021-02-06,0,0,12800,2838,2.65205275098675,0.588009820882844,0,15638,fhi:git
county,Rogaland,2021-02-07,0,1,12800,2839,2.65205275098675,0.588217012504014,1,15639,fhi:git
county,Rogaland,2021-02-08,7,71,12807,2910,2.65350309233495,0.6029276176071441,78,15717,fhi:git
county,Rogaland,2021-02-09,587,394,13394,3304,2.77512457396223,0.684561116348455,981,16698,fhi:git
county,Rogaland,2021-02-10,1923,683,15317,3987,3.17355406147375,0.826072993608139,2606,19304,fhi:git
county,Rogaland,2021-02-11,1181,494,16498,4481,3.4182473660765202,0.9284256544665329,1675,20979,fhi:git
county,Rogaland,2021-02-12,482,268,16980,4749,3.5181137274808596,0.9839530089403191,750,21729,fhi:git
county,Rogaland,2021-02-13,1,0,16981,4749,3.5183209191020297,0.9839530089403191,1,21730,fhi:git
county,Rogaland,2021-02-14,0,0,16981,4749,3.5183209191020297,0.9839530089403191,0,21730,fhi:git
county,Rogaland,2021-02-15,0,147,16981,4896,3.5183209191020297,1.01441017725243,147,21877,fhi:git
county,Rogaland,2021-02-16,480,314,17461,5210,3.61777289726404,1.07946834630008,794,22671,fhi:git
county,Rogaland,2021-02-17,1488,783,18949,5993,3.9260740295662404,1.2416993856768401,2271,24942,fhi:git
county,Rogaland,2021-02-18,1101,472,20050,6465,4.154192004475339,1.33949383086948,1573,26515,fhi:git
county,Rogaland,2021-02-19,441,411,20491,6876,4.24556350941168,1.42464958717069,852,27367,fhi:git
county,Rogaland,2021-02-20,1,2,20492,6878,4.24577070103285,1.42506397041304,3,27370,fhi:git
county,Rogaland,2021-02-21,0,0,20492,6878,4.24577070103285,1.42506397041304,0,27370,fhi:git
county,Rogaland,2021-02-22,252,13,20744,6891,4.2979829895679,1.42775746148826,265,27635,fhi:git
county,Rogaland,2021-02-23,379,407,21123,7298,4.37650861399165,1.5120844513047902,786,28421,fhi:git
county,Rogaland,2021-02-24,819,2168,21942,9466,4.54619855173057,1.96127588600317,2987,31408,fhi:git
county,Rogaland,2021-02-25,1229,1811,23171,11277,4.800837054149531,2.33649991194356,3040,34448,fhi:git
county,Rogaland,2021-02-26,999,674,24170,11951,5.0078214836992005,2.47614706461271,1673,36121,fhi:git
county,Rogaland,2021-02-27,1,1,24171,11952,5.00802867532037,2.47635425623388,2,36123,fhi:git
county,Rogaland,2021-02-28,4,0,24175,11952,5.00885744180505,2.47635425623388,4,36127,fhi:git
county,Rogaland,2021-03-01,647,2,24822,11954,5.14291042070259,2.4767686394762203,649,36776,fhi:git
county,Rogaland,2021-03-02,794,545,25616,12499,5.307420567912231,2.58968807301433,1339,38115,fhi:git
county,Rogaland,2021-03-03,1242,1460,26858,13959,5.56475256140642,2.89218783992375,2702,40817,fhi:git
county,Rogaland,2021-03-04,1066,1477,27924,15436,5.78561882957453,3.19820986439308,2543,43360,fhi:git
county,Rogaland,2021-03-05,590,424,28514,15860,5.907861886065331,3.28605911176952,1014,44374,fhi:git
county,Rogaland,2021-03-06,2,1,28516,15861,5.908276269307669,3.2862663033906903,3,44377,fhi:git
county,Rogaland,2021-03-07,0,0,28516,15861,5.908276269307669,3.2862663033906903,0,44377,fhi:git
county,Rogaland,2021-03-08,540,0,29056,15861,6.02015974473992,3.2862663033906903,540,44917,fhi:git
county,Rogaland,2021-03-09,1458,465,30514,16326,6.32224512840701,3.38261040723513,1923,46840,fhi:git
county,Rogaland,2021-03-10,2127,1077,32641,17403,6.76294170663738,3.60575578323613,3204,50044,fhi:git
county,Rogaland,2021-03-11,1390,1055,34031,18458,7.0509380600648495,3.8243429435713603,2445,52489,fhi:git
county,Rogaland,2021-03-12,116,546,34147,19004,7.07497228812067,3.9374695687306405,662,53151,fhi:git
county,Rogaland,2021-03-13,0,0,34147,19004,7.07497228812067,3.9374695687306405,0,53151,fhi:git
county,Rogaland,2021-03-14,0,0,34147,19004,7.07497228812067,3.9374695687306405,0,53151,fhi:git
county,Rogaland,2021-03-15,0,1,34147,19005,7.07497228812067,3.9376767603518097,1,53152,fhi:git
county,Rogaland,2021-03-16,585,93,34732,19098,7.1961793865056105,3.9569455811207,678,53830,fhi:git
county,Rogaland,2021-03-17,2393,95,37125,19193,7.69198893596743,3.97662878513193,2488,56318,fhi:git
county,Rogaland,2021-03-18,1674,81,38799,19274,8.03882770980742,3.99341130644677,1755,58073,fhi:git
county,Rogaland,2021-03-19,267,25,39066,19299,8.09414787266003,3.99859109697604,292,58365,fhi:git
county,Rogaland,2021-03-20,0,0,39066,19299,8.09414787266003,3.99859109697604,0,58365,fhi:git
county,Rogaland,2021-03-21,0,0,39066,19299,8.09414787266003,3.99859109697604,0,58365,fhi:git
county,Rogaland,2021-03-22,12,17,39078,19316,8.09663417211408,4.00211335453594,29,58394,fhi:git
county,Rogaland,2021-03-23,825,30,39903,19346,8.26756725958002,4.00832910317107,855,59249,fhi:git
county,Rogaland,2021-03-24,3275,56,43178,19402,8.94611981891452,4.01993183395663,3331,62580,fhi:git
county,Rogaland,2021-03-25,3118,148,46296,19550,9.592143293725199,4.05059619388992,3266,65846,fhi:git
county,Troms og Finnmark,2020-12-27,0,0,0,0,0.0,0.0,0,0,fhi:git
county,Troms og Finnmark,2020-12-28,1,0,1,0,0.00041099662571770297,0.0,1,1,fhi:git
county,Troms og Finnmark,2020-12-29,0,0,1,0,0.00041099662571770297,0.0,0,1,fhi:git
county,Troms og Finnmark,2020-12-30,0,0,1,0,0.00041099662571770297,0.0,0,1,fhi:git
county,Troms og Finnmark,2020-12-31,0,0,1,0,0.00041099662571770297,0.0,0,1,fhi:git
county,Troms og Finnmark,2021-01-01,0,0,1,0,0.00041099662571770297,0.0,0,1,fhi:git
county,Troms og Finnmark,2021-01-02,0,0,1,0,0.00041099662571770297,0.0,0,1,fhi:git
county,Troms og Finnmark,2021-01-03,0,0,1,0,0.00041099662571770297,0.0,0,1,fhi:git
county,Troms og Finnmark,2021-01-04,0,0,1,0,0.00041293647385286204,0.0,0,1,fhi:git
county,Troms og Finnmark,2021-01-05,53,0,54,0,0.0222985695880546,0.0,53,54,fhi:git
county,Troms og Finnmark,2021-01-06,530,0,584,0,0.241154900730072,0.0,530,584,fhi:git
county,Troms og Finnmark,2021-01-07,188,0,772,0,0.31878695781440997,0.0,188,772,fhi:git
county,Troms og Finnmark,2021-01-08,247,0,1019,0,0.420782266856067,0.0,247,1019,fhi:git
county,Troms og Finnmark,2021-01-09,0,0,1019,0,0.420782266856067,0.0,0,1019,fhi:git
county,Troms og Finnmark,2021-01-10,0,0,1019,0,0.420782266856067,0.0,0,1019,fhi:git
county,Troms og Finnmark,2021-01-11,1,0,1020,0,0.42119520332991994,0.0,1,1020,fhi:git
county,Troms og Finnmark,2021-01-12,191,0,1211,0,0.500066069835817,0.0,191,1211,fhi:git
county,Troms og Finnmark,2021-01-13,569,0,1780,0,0.7350269234580951,0.0,569,1780,fhi:git
county,Troms og Finnmark,2021-01-14,330,0,2110,0,0.8712959598295401,0.0,330,2110,fhi:git
county,Troms og Finnmark,2021-01-15,37,0,2147,0,0.8865746093620959,0.0,37,2147,fhi:git
county,Troms og Finnmark,2021-01-16,2,0,2149,0,0.8874004823098021,0.0,2,2149,fhi:git
county,Troms og Finnmark,2021-01-17,0,0,2149,0,0.8874004823098021,0.0,0,2149,fhi:git
county,Troms og Finnmark,2021-01-18,0,1,2149,1,0.8874004823098021,0.00041293647385286204,1,2150,fhi:git
county,Troms og Finnmark,2021-01-19,251,0,2400,1,0.99104753724687,0.00041293647385286204,251,2401,fhi:git
county,Troms og Finnmark,2021-01-20,923,0,3323,1,1.3721879026130601,0.00041293647385286204,923,3324,fhi:git
county,Troms og Finnmark,2021-01-21,247,0,3570,1,1.47418321165472,0.00041293647385286204,247,3571,fhi:git
county,Troms og Finnmark,2021-01-22,81,0,3651,1,1.5076310660368002,0.00041293647385286204,81,3652,fhi:git
county,Troms og Finnmark,2021-01-23,12,0,3663,1,1.5125863037230398,0.00041293647385286204,12,3664,fhi:git
county,Troms og Finnmark,2021-01-24,0,0,3663,1,1.5125863037230398,0.00041293647385286204,0,3664,fhi:git
county,Troms og Finnmark,2021-01-25,6,0,3669,1,1.5150639225661497,0.00041293647385286204,6,3670,fhi:git
county,Troms og Finnmark,2021-01-26,85,0,3754,1,1.5501635228436499,0.00041293647385286204,85,3755,fhi:git
county,Troms og Finnmark,2021-01-27,667,357,4421,358,1.8255921509035102,0.14783125763932503,1024,4779,fhi:git
county,Troms og Finnmark,2021-01-28,235,276,4656,634,1.9226322222589298,0.261801724422715,511,5290,fhi:git
county,Troms og Finnmark,2021-01-29,104,243,4760,877,1.9655776155396298,0.36214528756896003,347,5637,fhi:git
county,Troms og Finnmark,2021-01-30,0,0,4760,877,1.9655776155396298,0.36214528756896003,0,5637,fhi:git
county,Troms og Finnmark,2021-01-31,0,0,4760,877,1.9655776155396298,0.36214528756896003,0,5637,fhi:git
county,Troms og Finnmark,2021-02-01,0,2,4760,879,1.9655776155396298,0.362971160516666,2,5639,fhi:git
county,Troms og Finnmark,2021-02-02,119,24,4879,903,2.01471705592812,0.372881635889135,143,5782,fhi:git
county,Troms og Finnmark,2021-02-03,1159,562,6038,1465,2.4933104291235804,0.6049519341944439,1721,7503,fhi:git
county,Troms og Finnmark,2021-02-04,1149,380,7187,1845,2.9677744375805197,0.7618677942585309,1529,9032,fhi:git
county,Troms og Finnmark,2021-02-05,287,140,7474,1985,3.0862872055762898,0.819678900597932,427,9459,fhi:git
county,Troms og Finnmark,2021-02-06,1,1,7475,1986,3.08670014205015,0.820091837071785,2,9461,fhi:git
county,Troms og Finnmark,2021-02-07,0,0,7475,1986,3.08670014205015,0.820091837071785,0,9461,fhi:git
county,Troms og Finnmark,2021-02-08,0,0,7475,1986,3.08670014205015,0.820091837071785,0,9461,fhi:git
county,Troms og Finnmark,2021-02-09,71,29,7546,2015,3.1160186316937,0.832066994813518,100,9561,fhi:git
county,Troms og Finnmark,2021-02-10,1408,813,8954,2828,3.6974331868785297,1.1677843480558998,2221,11782,fhi:git
county,Troms og Finnmark,2021-02-11,995,465,9949,3293,4.1083049783621295,1.35979980839748,1460,13242,fhi:git
county,Troms og Finnmark,2021-02-12,293,113,10242,3406,4.22929536520102,1.40646162994285,406,13648,fhi:git
county,Troms og Finnmark,2021-02-13,5,2,10247,3408,4.23136004757028,1.40728750289056,7,13655,fhi:git
county,Troms og Finnmark,2021-02-14,0,0,10247,3408,4.23136004757028,1.40728750289056,0,13655,fhi:git
county,Troms og Finnmark,2021-02-15,0,6,10247,3414,4.23136004757028,1.40976512173367,6,13661,fhi:git
county,Troms og Finnmark,2021-02-16,133,52,10380,3466,4.28628059859271,1.4312378183740202,185,13846,fhi:git
county,Troms og Finnmark,2021-02-17,968,582,11348,4048,4.68600310528228,1.67156684615639,1550,15396,fhi:git
county,Troms og Finnmark,2021-02-18,1295,263,12643,4311,5.22075583892174,1.78016913877969,1558,16954,fhi:git
county,Troms og Finnmark,2021-02-19,232,133,12875,4444,5.3165571008556,1.83508968980212,365,17319,fhi:git
county,Troms og Finnmark,2021-02-20,0,0,12875,4444,5.3165571008556,1.83508968980212,0,17319,fhi:git
county,Troms og Finnmark,2021-02-21,0,0,12875,4444,5.3165571008556,1.83508968980212,0,17319,fhi:git
county,Troms og Finnmark,2021-02-22,107,0,12982,4444,5.360741303557861,1.83508968980212,107,17426,fhi:git
county,Troms og Finnmark,2021-02-23,79,78,13061,4522,5.39336328499224,1.86729873476264,157,17583,fhi:git
county,Troms og Finnmark,2021-02-24,430,989,13491,5511,5.57092596874897,2.27569290740313,1419,19002,fhi:git
county,Troms og Finnmark,2021-02-25,567,1054,14058,6565,5.80506094942354,2.71092795084404,1621,20623,fhi:git
county,Troms og Finnmark,2021-02-26,283,404,14341,6969,5.9219219715239,2.8777542862806,687,21310,fhi:git
county,Troms og Finnmark,2021-02-27,0,0,14341,6969,5.9219219715239,2.8777542862806,0,21310,fhi:git
county,Troms og Finnmark,2021-02-28,3,0,14344,6969,5.92316078094546,2.8777542862806,3,21313,fhi:git
county,Troms og Finnmark,2021-03-01,340,0,14684,6969,6.063559182055429,2.8777542862806,340,21653,fhi:git
county,Troms og Finnmark,2021-03-02,555,72,15239,7041,6.29273892504377,2.90748571239801,627,22280,fhi:git
county,Troms og Finnmark,2021-03-03,598,1179,15837,8220,6.53967493640778,3.3943378150705295,1777,24057,fhi:git
county,Troms og Finnmark,2021-03-04,879,933,16716,9153,6.9026460969244505,3.77960754517525,1812,25869,fhi:git
county,Troms og Finnmark,2021-03-05,702,374,17418,9527,7.1925275015691605,3.9340457863962204,1076,26945,fhi:git
county,Troms og Finnmark,2021-03-06,0,1,17418,9528,7.1925275015691605,3.93445872287007,1,26946,fhi:git
county,Troms og Finnmark,2021-03-07,0,0,17418,9528,7.1925275015691605,3.93445872287007,0,26946,fhi:git
county,Troms og Finnmark,2021-03-08,408,0,17826,9528,7.36100558290113,3.93445872287007,408,27354,fhi:git
county,Troms og Finnmark,2021-03-09,603,51,18429,9579,7.6100062766344,3.95551848303657,654,28008,fhi:git
county,Troms og Finnmark,2021-03-10,938,698,19367,10277,7.997340689108389,4.24374814178587,1636,29644,fhi:git
county,Troms og Finnmark,2021-03-11,793,1039,20160,11316,8.32479931287371,4.67278913811899,1832,31476,fhi:git
county,Troms og Finnmark,2021-03-12,68,209,20228,11525,8.3528789930957,4.75909286115424,277,31753,fhi:git
county,Troms og Finnmark,2021-03-13,0,0,20228,11525,8.3528789930957,4.75909286115424,0,31753,fhi:git
county,Troms og Finnmark,2021-03-14,0,0,20228,11525,8.3528789930957,4.75909286115424,0,31753,fhi:git
county,Troms og Finnmark,2021-03-15,2,5,20230,11530,8.35370486604341,4.7611575435235,7,31760,fhi:git
county,Troms og Finnmark,2021-03-16,18,2,20248,11532,8.36113772257276,4.76198341647121,20,31780,fhi:git
county,Troms og Finnmark,2021-03-17,543,45,20791,11577,8.58536222787486,4.78056555779459,588,32368,fhi:git
county,Troms og Finnmark,2021-03-18,1110,122,21901,11699,9.04372171385154,4.83094380760464,1232,33600,fhi:git
county,Troms og Finnmark,2021-03-19,405,33,22306,11732,9.210960985761949,4.84457071124178,438,34038,fhi:git
county,Troms og Finnmark,2021-03-20,0,0,22306,11732,9.210960985761949,4.84457071124178,0,34038,fhi:git
county,Troms og Finnmark,2021-03-21,1,0,22307,11732,9.2113739222358,4.84457071124178,1,34039,fhi:git
county,Troms og Finnmark,2021-03-22,3,0,22310,11732,9.212612731657359,4.84457071124178,3,34042,fhi:git
county,Troms og Finnmark,2021-03-23,429,14,22739,11746,9.38976247894024,4.85035182187572,443,34485,fhi:git
county,Troms og Finnmark,2021-03-24,1770,36,24509,11782,10.120660037659801,4.8652175349344295,1806,36291,fhi:git
county,Troms og Finnmark,2021-03-25,1729,37,26238,11819,10.8346272009514,4.88049618446698,1766,38057,fhi:git
county,Trøndelag,2020-12-27,0,0,0,0,0.0,0.0,0,0,fhi:git
county,Trøndelag,2020-12-28,0,0,0,0,0.0,0.0,0,0,fhi:git
county,Trøndelag,2020-12-29,0,0,0,0,0.0,0.0,0,0,fhi:git
county,Trøndelag,2020-12-30,0,0,0,0,0.0,0.0,0,0,fhi:git
county,Trøndelag,2020-12-31,0,0,0,0,0.0,0.0,0,0,fhi:git
county,Trøndelag,2021-01-01,0,0,0,0,0.0,0.0,0,0,fhi:git
county,Trøndelag,2021-01-02,0,0,0,0,0.0,0.0,0,0,fhi:git
county,Trøndelag,2021-01-03,0,0,0,0,0.0,0.0,0,0,fhi:git
county,Trøndelag,2021-01-04,3,0,3,0,0.000636775031626493,0.0,3,3,fhi:git
county,Trøndelag,2021-01-05,407,0,410,0,0.0870259209889541,0.0,407,410,fhi:git
county,Trøndelag,2021-01-06,674,0,1084,0,0.23008804476104003,0.0,674,1084,fhi:git
county,Trøndelag,2021-01-07,484,0,1568,0,0.332821083196781,0.0,484,1568,fhi:git
county,Trøndelag,2021-01-08,141,0,1709,0,0.36274950968322606,0.0,141,1709,fhi:git
county,Trøndelag,2021-01-09,0,0,1709,0,0.36274950968322606,0.0,0,1709,fhi:git
county,Trøndelag,2021-01-10,0,0,1709,0,0.36274950968322606,0.0,0,1709,fhi:git
county,Trøndelag,2021-01-11,95,0,1804,0,0.38291405235139797,0.0,95,1804,fhi:git
county,Trøndelag,2021-01-12,500,0,2304,0,0.48904322428914704,0.0,500,2304,fhi:git
county,Trøndelag,2021-01-13,860,0,3164,0,0.6715854000220749,0.0,860,3164,fhi:git
county,Trøndelag,2021-01-14,670,0,3834,0,0.813798490418659,0.0,670,3834,fhi:git
county,Trøndelag,2021-01-15,253,0,4087,0,0.867499851419159,0.0,253,4087,fhi:git
county,Trøndelag,2021-01-16,0,0,4087,0,0.867499851419159,0.0,0,4087,fhi:git
county,Trøndelag,2021-01-17,0,0,4087,0,0.867499851419159,0.0,0,4087,fhi:git
county,Trøndelag,2021-01-18,152,0,4239,0,0.899763119688235,0.0,152,4239,fhi:git
county,Trøndelag,2021-01-19,567,0,4806,0,1.0201136006656402,0.0,567,4806,fhi:git
county,Trøndelag,2021-01-20,738,0,5544,0,1.17676025844576,0.0,738,5544,fhi:git
county,Trøndelag,2021-01-21,535,0,6079,0,1.2903184724191499,0.0,535,6079,fhi:git
county,Trøndelag,2021-01-22,283,0,6362,0,1.3503875837359198,0.0,283,6362,fhi:git
county,Trøndelag,2021-01-23,1,0,6363,0,1.35059984207979,0.0,1,6363,fhi:git
county,Trøndelag,2021-01-24,0,0,6363,0,1.35059984207979,0.0,0,6363,fhi:git
county,Trøndelag,2021-01-25,1,0,6364,0,1.3508121004236697,0.0,1,6364,fhi:git
county,Trøndelag,2021-01-26,313,184,6677,184,1.4172489620567,0.0390555352730916,497,6861,fhi:git
county,Trøndelag,2021-01-27,1013,604,7690,788,1.63226666440258,0.167259574973892,1617,8478,fhi:git
county,Trøndelag,2021-01-28,727,483,8417,1271,1.7865784804000602,0.269780355065758,1210,9688,fhi:git
county,Trøndelag,2021-01-29,423,229,8840,1500,1.8763637598593998,0.318387515813247,652,10340,fhi:git
county,Trøndelag,2021-01-30,1,0,8841,1500,1.87657601820328,0.318387515813247,1,10341,fhi:git
county,Trøndelag,2021-01-31,2,1,8843,1501,1.87700053489103,0.318599774157122,3,10344,fhi:git
county,Trøndelag,2021-02-01,14,86,8857,1587,1.8799721517052799,0.336853991730415,100,10444,fhi:git
county,Trøndelag,2021-02-02,836,392,9693,1979,2.0574201271851997,0.42005926252960996,1228,11672,fhi:git
county,Trøndelag,2021-02-03,2124,810,11817,2789,2.5082568495767594,0.5919885210687629,2934,14606,fhi:git
county,Trøndelag,2021-02-04,2143,607,13960,3396,2.9631264805019506,0.72082933580119,2750,17356,fhi:git
county,Trøndelag,2021-02-05,1293,319,15253,3715,3.23757651913297,0.7885397474974741,1612,18968,fhi:git
county,Trøndelag,2021-02-06,7,0,15260,3715,3.2390623275401,0.7885397474974741,7,18975,fhi:git
county,Trøndelag,2021-02-07,1,0,15261,3715,3.23927458588397,0.7885397474974741,1,18976,fhi:git
county,Trøndelag,2021-02-08,3,150,15264,3865,3.2399113609156003,0.820378499078799,153,19129,fhi:git
county,Trøndelag,2021-02-09,836,522,16100,4387,3.41735933639551,0.9311773545818091,1358,20487,fhi:git
county,Trøndelag,2021-02-10,2230,628,18330,5015,3.8906954432378704,1.0644755945356201,2858,23345,fhi:git
county,Trøndelag,2021-02-11,2360,586,20690,5601,4.39162513478405,1.18885898404666,2946,26291,fhi:git
county,Trøndelag,2021-02-12,888,352,21578,5953,4.580110544145491,1.26357392109084,1240,27531,fhi:git
county,Trøndelag,2021-02-13,2,0,21580,5953,4.58053506083324,1.26357392109084,2,27533,fhi:git
county,Trøndelag,2021-02-14,0,0,21580,5953,4.58053506083324,1.26357392109084,0,27533,fhi:git
county,Trøndelag,2021-02-15,0,2,21580,5955,4.58053506083324,1.26399843777859,2,27535,fhi:git
county,Trøndelag,2021-02-16,344,210,21924,6165,4.65355193112641,1.30857268999244,554,28089,fhi:git
county,Trøndelag,2021-02-17,2215,922,24139,7087,5.12370416281064,1.5042748830456498,3137,31226,fhi:git
county,Trøndelag,2021-02-18,2100,752,26239,7839,5.569446684949191,1.66389315764003,2852,34078,fhi:git
county,Trøndelag,2021-02-19,1262,410,27501,8249,5.8373167149200595,1.7509190786289799,1672,35750,fhi:git
county,Trøndelag,2021-02-20,1,1,27502,8250,5.83752897326394,1.75113133697286,2,35752,fhi:git
county,Trøndelag,2021-02-21,0,4,27502,8254,5.83752897326394,1.7519803703483603,4,35756,fhi:git
county,Trøndelag,2021-02-22,17,2,27519,8256,5.84113736510982,1.7524048870361102,19,35775,fhi:git
county,Trøndelag,2021-02-23,334,674,27853,8930,5.91203165196424,1.8954670108082,1008,36783,fhi:git
county,Trøndelag,2021-02-24,1011,2046,28864,10976,6.126624837622369,2.32974758237746,3057,39840,fhi:git
county,Trøndelag,2021-02-25,473,1981,29337,12957,6.22702303427548,2.75023136159482,2454,42294,fhi:git
county,Trøndelag,2021-02-26,611,1151,29948,14108,6.35671288238341,2.99454071539552,1762,44056,fhi:git
county,Trøndelag,2021-02-27,4,1,29952,14109,6.35756191575891,2.9947529737394,5,44061,fhi:git
county,Trøndelag,2021-02-28,1,0,29953,14109,6.35777417410279,2.9947529737394,1,44062,fhi:git
county,Trøndelag,2021-03-01,527,0,30480,14109,6.46963432132517,2.9947529737394,527,44589,fhi:git
county,Trøndelag,2021-03-02,818,785,31298,14894,6.64326164661533,3.16137577368166,1603,46192,fhi:git
county,Trøndelag,2021-03-03,2009,2138,33307,17032,7.0696886594612005,3.6151841128874804,4147,50339,fhi:git
county,Trøndelag,2021-03-04,1873,2281,35180,19313,7.46724853754001,4.09934539526749,4154,54493,fhi:git
county,Trøndelag,2021-03-05,1050,981,36230,20294,7.69011979860928,4.30757083060935,2031,56524,fhi:git
county,Trøndelag,2021-03-06,0,0,36230,20294,7.69011979860928,4.30757083060935,0,56524,fhi:git
county,Trøndelag,2021-03-07,0,1,36230,20295,7.69011979860928,4.307783088953229,1,56525,fhi:git
county,Trøndelag,2021-03-08,435,0,36665,20295,7.78245217819513,4.307783088953229,435,56960,fhi:git
county,Trøndelag,2021-03-09,1170,301,37835,20596,8.03079444052946,4.37167285045975,1471,58431,fhi:git
county,Trøndelag,2021-03-10,1686,1490,39521,22086,8.38866200830355,4.68793778283424,3176,61607,fhi:git
county,Trøndelag,2021-03-11,842,1176,40363,23262,8.56738353384672,4.9375535952318295,2018,63625,fhi:git
county,Trøndelag,2021-03-12,123,500,40486,23762,8.593491310143401,5.04368276716958,623,64248,fhi:git
county,Trøndelag,2021-03-13,0,1,40486,23763,8.593491310143401,5.04389502551345,1,64249,fhi:git
county,Trøndelag,2021-03-14,0,0,40486,23763,8.593491310143401,5.04389502551345,0,64249,fhi:git
county,Trøndelag,2021-03-15,3,6,40489,23769,8.594128085175031,5.04516857557671,9,64258,fhi:git
county,Trøndelag,2021-03-16,606,12,41095,23781,8.72275664156358,5.04771567570321,618,64876,fhi:git
county,Trøndelag,2021-03-17,1977,121,43072,23902,9.14239138740544,5.0733989353121505,2098,66974,fhi:git
county,Trøndelag,2021-03-18,1494,123,44566,24025,9.459505353155429,5.09950671160883,1617,68591,fhi:git
county,Trøndelag,2021-03-19,542,87,45108,24112,9.57454937553595,5.117973187526,629,69220,fhi:git
county,Trøndelag,2021-03-20,0,0,45108,24112,9.57454937553595,5.117973187526,0,69220,fhi:git
county,Trøndelag,2021-03-21,0,0,45108,24112,9.57454937553595,5.117973187526,0,69220,fhi:git
county,Trøndelag,2021-03-22,1,0,45109,24112,9.57476163387983,5.117973187526,1,69221,fhi:git
county,Trøndelag,2021-03-23,1047,216,46156,24328,9.79699611991747,5.16382098980311,1263,70484,fhi:git
county,Trøndelag,2021-03-24,3106,539,49262,24867,10.4562705359948,5.278228237152,3645,74129,fhi:git
county,Trøndelag,2021-03-25,2437,210,51699,25077,10.9735441200194,5.32280248936586,2647,76776,fhi:git
county,Vestfold og Telemark,2020-12-27,0,0,0,0,0.0,0.0,0,0,fhi:git
county,Vestfold og Telemark,2020-12-28,0,0,0,0,0.0,0.0,0,0,fhi:git
county,Vestfold og Telemark,2020-12-29,0,0,0,0,0.0,0.0,0,0,fhi:git
county,Vestfold og Telemark,2020-12-30,0,0,0,0,0.0,0.0,0,0,fhi:git
county,Vestfold og Telemark,2020-12-31,0,0,0,0,0.0,0.0,0,0,fhi:git
county,Vestfold og Telemark,2021-01-01,0,0,0,0,0.0,0.0,0,0,fhi:git
county,Vestfold og Telemark,2021-01-02,0,0,0,0,0.0,0.0,0,0,fhi:git
county,Vestfold og Telemark,2021-01-03,0,0,0,0,0.0,0.0,0,0,fhi:git
county,Vestfold og Telemark,2021-01-04,1,0,1,0,0.000237033104043311,0.0,1,1,fhi:git
county,Vestfold og Telemark,2021-01-05,218,0,219,0,0.051910249785484995,0.0,218,219,fhi:git
county,Vestfold og Telemark,2021-01-06,1026,0,1245,0,0.295106214533922,0.0,1026,1245,fhi:git
county,Vestfold og Telemark,2021-01-07,442,0,1687,0,0.39987484652106503,0.0,442,1687,fhi:git
county,Vestfold og Telemark,2021-01-08,63,0,1750,0,0.41480793207579403,0.0,63,1750,fhi:git
county,Vestfold og Telemark,2021-01-09,0,0,1750,0,0.41480793207579403,0.0,0,1750,fhi:git
county,Vestfold og Telemark,2021-01-10,3,0,1753,0,0.415519031387924,0.0,3,1753,fhi:git
county,Vestfold og Telemark,2021-01-11,3,0,1756,0,0.41623013070005394,0.0,3,1756,fhi:git
county,Vestfold og Telemark,2021-01-12,420,0,2176,0,0.5157840343982439,0.0,420,2176,fhi:git
county,Vestfold og Telemark,2021-01-13,1164,0,3340,0,0.7916905675046579,0.0,1164,3340,fhi:git
county,Vestfold og Telemark,2021-01-14,583,0,3923,0,0.929880867161908,0.0,583,3923,fhi:git
county,Vestfold og Telemark,2021-01-15,157,0,4080,0,0.967095064496707,0.0,157,4080,fhi:git
county,Vestfold og Telemark,2021-01-16,3,0,4083,0,0.967806163808838,0.0,3,4083,fhi:git
county,Vestfold og Telemark,2021-01-17,42,0,4125,0,0.9777615541786558,0.0,42,4125,fhi:git
county,Vestfold og Telemark,2021-01-18,7,0,4132,0,0.9794207859069599,0.0,7,4132,fhi:git
county,Vestfold og Telemark,2021-01-19,232,0,4364,0,1.03441246604501,0.0,232,4364,fhi:git
county,Vestfold og Telemark,2021-01-20,1606,0,5970,0,1.4150876311385603,0.0,1606,5970,fhi:git
county,Vestfold og Telemark,2021-01-21,829,0,6799,0,1.61158807439047,0.0,829,6799,fhi:git
county,Vestfold og Telemark,2021-01-22,181,0,6980,0,1.65449106622231,0.0,181,6980,fhi:git
county,Vestfold og Telemark,2021-01-23,3,0,6983,0,1.65520216553444,0.0,3,6983,fhi:git
county,Vestfold og Telemark,2021-01-24,0,0,6983,0,1.65520216553444,0.0,0,6983,fhi:git
county,Vestfold og Telemark,2021-01-25,44,0,7027,0,1.66563162211234,0.0,44,7027,fhi:git
county,Vestfold og Telemark,2021-01-26,103,179,7130,179,1.69004603182881,0.0424289256237526,282,7309,fhi:git
county,Vestfold og Telemark,2021-01-27,1625,898,8755,1077,2.07522482589919,0.25528465305464604,2523,9832,fhi:git
county,Vestfold og Telemark,2021-01-28,654,449,9409,1526,2.23024447594351,0.36171251677009203,1103,10935,fhi:git
county,Vestfold og Telemark,2021-01-29,86,90,9495,1616,2.25062932289124,0.38304549613398997,176,11111,fhi:git
county,Vestfold og Telemark,2021-01-30,0,0,9495,1616,2.25062932289124,0.38304549613398997,0,11111,fhi:git
county,Vestfold og Telemark,2021-01-31,1,2,9496,1618,2.2508663559952797,0.38351956234207707,3,11114,fhi:git
county,Vestfold og Telemark,2021-02-01,50,1,9546,1619,2.26271801119744,0.38375659544611995,51,11165,fhi:git
county,Vestfold og Telemark,2021-02-02,464,327,10010,1946,2.37270137147354,0.4612664204682829,791,11956,fhi:git
county,Vestfold og Telemark,2021-02-03,3215,847,13225,2793,3.13476280097278,0.662033459592967,4062,16018,fhi:git
county,Vestfold og Telemark,2021-02-04,1904,708,15129,3501,3.58607383107125,0.8298528972556309,2612,18630,fhi:git
county,Vestfold og Telemark,2021-02-05,964,245,16093,3746,3.814573743369,0.8879260077462421,1209,19839,fhi:git
county,Vestfold og Telemark,2021-02-06,0,4,16093,3750,3.814573743369,0.8888741401624151,4,19843,fhi:git
county,Vestfold og Telemark,2021-02-07,2,1,16095,3751,3.8150478095770897,0.889111173266458,3,19846,fhi:git
county,Vestfold og Telemark,2021-02-08,17,46,16112,3797,3.81907737234582,0.900014696052451,63,19909,fhi:git
county,Vestfold og Telemark,2021-02-09,356,208,16468,4005,3.90346115738524,0.9493175816934591,564,20473,fhi:git
county,Vestfold og Telemark,2021-02-10,2891,1395,19359,5400,4.58872386117445,1.27997876183388,4286,24759,fhi:git
county,Vestfold og Telemark,2021-02-11,1540,878,20899,6278,4.9537548414011505,1.4880938271839,2418,27177,fhi:git
county,Vestfold og Telemark,2021-02-12,602,213,21501,6491,5.09644877003522,1.5385818783451297,815,27992,fhi:git
county,Vestfold og Telemark,2021-02-13,2,2,21503,6493,5.096922836243309,1.53905594455322,4,27996,fhi:git
county,Vestfold og Telemark,2021-02-14,0,0,21503,6493,5.096922836243309,1.53905594455322,0,27996,fhi:git
county,Vestfold og Telemark,2021-02-15,4,2,21507,6495,5.09787096865948,1.5395300107613001,6,28002,fhi:git
county,Vestfold og Telemark,2021-02-16,581,75,22088,6570,5.2355872021086505,1.55730749356455,656,28658,fhi:git
county,Vestfold og Telemark,2021-02-17,3041,1532,25129,8102,5.95640487150435,1.9204422089589,4573,33231,fhi:git
county,Vestfold og Telemark,2021-02-18,1819,627,26948,8729,6.387568087759139,2.0690619651940603,2446,35677,fhi:git
county,Vestfold og Telemark,2021-02-19,284,83,27232,8812,6.454885489307441,2.08873571282965,367,36044,fhi:git
county,Vestfold og Telemark,2021-02-20,0,1,27232,8813,6.454885489307441,2.0889727459336997,1,36045,fhi:git
county,Vestfold og Telemark,2021-02-21,1,1,27233,8814,6.45512252241148,2.08920977903774,2,36047,fhi:git
county,Vestfold og Telemark,2021-02-22,50,0,27283,8814,6.4669741776136505,2.08920977903774,50,36097,fhi:git
county,Vestfold og Telemark,2021-02-23,626,385,27909,9199,6.61535690074476,2.1804675240944196,1011,37108,fhi:git
county,Vestfold og Telemark,2021-02-24,665,2869,28574,12068,6.77298391493356,2.86051549959467,3534,40642,fhi:git
county,Vestfold og Telemark,2021-02-25,701,1992,29275,14060,6.93914412086792,3.33268544284895,2693,43335,fhi:git
county,Vestfold og Telemark,2021-02-26,542,845,29817,14905,7.0676160632594005,3.5329784157655495,1387,44722,fhi:git
county,Vestfold og Telemark,2021-02-27,3,2,29820,14907,7.0683271625715305,3.5334524819736295,5,44727,fhi:git
county,Vestfold og Telemark,2021-02-28,0,0,29820,14907,7.0683271625715305,3.5334524819736295,0,44727,fhi:git
county,Vestfold og Telemark,2021-03-01,604,0,30424,14907,7.21149515741369,3.5334524819736295,604,45331,fhi:git
county,Vestfold og Telemark,2021-03-02,843,354,31267,15261,7.4113140641222,3.61736220080496,1197,46528,fhi:git
county,Vestfold og Telemark,2021-03-03,1975,2813,33242,18074,7.87945444460773,4.284136322478799,4788,51316,fhi:git
county,Vestfold og Telemark,2021-03-04,1012,1431,34254,19505,8.119331945899559,4.62333069436478,2443,53759,fhi:git
county,Vestfold og Telemark,2021-03-05,1477,585,35731,20090,8.46942984057153,4.76199506023011,2062,55821,fhi:git
county,Vestfold og Telemark,2021-03-06,2,1,35733,20091,8.46990390677962,4.762232093334161,3,55824,fhi:git
county,Vestfold og Telemark,2021-03-07,0,0,35733,20091,8.46990390677962,4.762232093334161,0,55824,fhi:git
county,Vestfold og Telemark,2021-03-08,236,0,35969,20091,8.525843719333839,4.762232093334161,236,56060,fhi:git
county,Vestfold og Telemark,2021-03-09,934,142,36903,20233,8.74723263851029,4.79589079410831,1076,57136,fhi:git
county,Vestfold og Telemark,2021-03-10,1582,2262,38485,22495,9.12221900910681,5.3320596754542695,3844,60980,fhi:git
county,Vestfold og Telemark,2021-03-11,296,835,38781,23330,9.19238080790363,5.5299823173304405,1131,62111,fhi:git
county,Vestfold og Telemark,2021-03-12,34,126,38815,23456,9.2004399334411,5.559848488439901,160,62271,fhi:git
county,Vestfold og Telemark,2021-03-13,1,1,38816,23457,9.200676966545151,5.56008552154394,2,62273,fhi:git
county,Vestfold og Telemark,2021-03-14,0,0,38816,23457,9.200676966545151,5.56008552154394,0,62273,fhi:git
county,Vestfold og Telemark,2021-03-15,2,3,38818,23460,9.20115103275323,5.56079662085607,5,62278,fhi:git
county,Vestfold og Telemark,2021-03-16,402,25,39220,23485,9.29643834057865,5.56672244845715,427,62705,fhi:git
county,Vestfold og Telemark,2021-03-17,3101,165,42321,23650,10.031477996217001,5.6058329106243,3266,65971,fhi:git
county,Vestfold og Telemark,2021-03-18,910,52,43231,23702,10.2471781208964,5.618158632034549,962,66933,fhi:git
county,Vestfold og Telemark,2021-03-19,27,32,43258,23734,10.2535780147055,5.62574369136394,59,66992,fhi:git
county,Vestfold og Telemark,2021-03-20,0,0,43258,23734,10.2535780147055,5.62574369136394,0,66992,fhi:git
county,Vestfold og Telemark,2021-03-21,0,0,43258,23734,10.2535780147055,5.62574369136394,0,66992,fhi:git
county,Vestfold og Telemark,2021-03-22,0,0,43258,23734,10.2535780147055,5.62574369136394,0,66992,fhi:git
county,Vestfold og Telemark,2021-03-23,658,56,43916,23790,10.409545797165999,5.63901754519036,714,67706,fhi:git
county,Vestfold og Telemark,2021-03-24,4604,804,48520,24594,11.5008462081814,5.82959216084118,5408,73114,fhi:git
county,Vestfold og Telemark,2021-03-25,2795,254,51315,24848,12.1633537339825,5.88979856926818,3049,76163,fhi:git
county,Vestland,2020-12-27,0,0,0,0,0.0,0.0,0,0,fhi:git
county,Vestland,2020-12-28,0,0,0,0,0.0,0.0,0,0,fhi:git
county,Vestland,2020-12-29,0,0,0,0,0.0,0.0,0,0,fhi:git
county,Vestland,2020-12-30,0,0,0,0,0.0,0.0,0,0,fhi:git
county,Vestland,2020-12-31,0,0,0,0,0.0,0.0,0,0,fhi:git
county,Vestland,2021-01-01,0,0,0,0,0.0,0.0,0,0,fhi:git
county,Vestland,2021-01-02,0,0,0,0,0.0,0.0,0,0,fhi:git
county,Vestland,2021-01-03,0,0,0,0,0.0,0.0,0,0,fhi:git
county,Vestland,2021-01-04,2,0,2,0,0.000313076746068147,0.0,2,2,fhi:git
county,Vestland,2021-01-05,416,0,418,0,0.0654330399282428,0.0,416,418,fhi:git
county,Vestland,2021-01-06,1256,0,1674,0,0.262045236459039,0.0,1256,1674,fhi:git
county,Vestland,2021-01-07,715,0,2389,0,0.37397017317840203,0.0,715,2389,fhi:git
county,Vestland,2021-01-08,139,0,2528,0,0.3957290070301379,0.0,139,2528,fhi:git
county,Vestland,2021-01-09,0,0,2528,0,0.3957290070301379,0.0,0,2528,fhi:git
county,Vestland,2021-01-10,0,0,2528,0,0.3957290070301379,0.0,0,2528,fhi:git
county,Vestland,2021-01-11,65,0,2593,0,0.40590400127735293,0.0,65,2593,fhi:git
county,Vestland,2021-01-12,855,0,3448,0,0.5397443102214861,0.0,855,3448,fhi:git
county,Vestland,2021-01-13,1126,0,4574,0,0.7160065182578531,0.0,1126,4574,fhi:git
county,Vestland,2021-01-14,999,0,5573,0,0.8723883529188929,0.0,999,5573,fhi:git
county,Vestland,2021-01-15,425,0,5998,0,0.938917161458374,0.0,425,5998,fhi:git
county,Vestland,2021-01-16,2,0,6000,0,0.939230238204442,0.0,2,6000,fhi:git
county,Vestland,2021-01-17,1,0,6001,0,0.9393867765774759,0.0,1,6001,fhi:git
county,Vestland,2021-01-18,62,0,6063,0,0.949092155705589,0.0,62,6063,fhi:git
county,Vestland,2021-01-19,367,0,6430,0,1.00654173860909,0.0,367,6430,fhi:git
county,Vestland,2021-01-20,1235,0,7665,0,1.19986662930618,0.0,1235,7665,fhi:git
county,Vestland,2021-01-21,781,0,8446,0,1.3221230986457901,0.0,781,8446,fhi:git
county,Vestland,2021-01-22,312,0,8758,0,1.3709630710324199,0.0,312,8758,fhi:git
county,Vestland,2021-01-23,0,0,8758,0,1.3709630710324199,0.0,0,8758,fhi:git
county,Vestland,2021-01-24,0,0,8758,0,1.3709630710324199,0.0,0,8758,fhi:git
county,Vestland,2021-01-25,2,0,8760,0,1.3712761477784898,0.0,2,8760,fhi:git
county,Vestland,2021-01-26,152,174,8912,174,1.3950699804796698,0.0272376769079288,326,9086,fhi:git
county,Vestland,2021-01-27,1590,1210,10502,1384,1.6439659936038402,0.21664910827915804,2800,11886,fhi:git
county,Vestland,2021-01-28,1959,695,12461,2079,1.95062466637759,0.325443277537839,2654,14540,fhi:git
county,Vestland,2021-01-29,481,176,12942,2255,2.02591962380698,0.352994031191836,657,15197,fhi:git
county,Vestland,2021-01-30,3,0,12945,2255,2.0263892389260802,0.352994031191836,3,15200,fhi:git
county,Vestland,2021-01-31,1,0,12946,2255,2.02654577729912,0.352994031191836,1,15201,fhi:git
county,Vestland,2021-02-01,13,59,12959,2314,2.02858077614856,0.362229795200847,72,15273,fhi:git
county,Vestland,2021-02-02,722,581,13681,2895,2.1416014814791597,0.45317858993364296,1303,16576,fhi:git
county,Vestland,2021-02-03,2831,1044,16512,3939,2.5847616155386297,0.616604651381216,3875,20451,fhi:git
county,Vestland,2021-02-04,2589,1114,19101,5053,2.99003946332384,0.790988398941174,3703,24154,fhi:git
county,Vestland,2021-02-05,911,487,20012,5540,3.13264592115788,0.8672225866087679,1398,25552,fhi:git
county,Vestland,2021-02-06,0,2,20012,5542,3.13264592115788,0.867535663354837,2,25554,fhi:git
county,Vestland,2021-02-07,2,1,20014,5543,3.13295899790395,0.867692201727871,3,25557,fhi:git
county,Vestland,2021-02-08,8,49,20022,5592,3.1342113048882205,0.87536258200654,57,25614,fhi:git
county,Vestland,2021-02-09,892,306,20914,5898,3.2738435336346203,0.923263324154967,1198,26812,fhi:git
county,Vestland,2021-02-10,2757,970,23671,6868,3.70541982808956,1.07510554599802,3727,30539,fhi:git
county,Vestland,2021-02-11,2700,834,26371,7702,4.12807343528156,1.20565854910844,3534,34073,fhi:git
county,Vestland,2021-02-12,620,458,26991,8160,4.22512722656268,1.27735312395804,1078,35151,fhi:git
county,Vestland,2021-02-13,0,0,26991,8160,4.22512722656268,1.27735312395804,0,35151,fhi:git
county,Vestland,2021-02-14,0,2,26991,8162,4.22512722656268,1.2776662007041102,2,35153,fhi:git
county,Vestland,2021-02-15,94,1,27085,8163,4.2398418336278905,1.27782273907714,95,35248,fhi:git
county,Vestland,2021-02-16,1087,55,28172,8218,4.40999904511592,1.28643234959402,1142,36390,fhi:git
county,Vestland,2021-02-17,2689,1328,30861,9546,4.83093073020455,1.49431530898327,4017,40407,fhi:git
county,Vestland,2021-02-18,2003,1999,32864,11545,5.1444770913918,1.8072355166783798,4002,44409,fhi:git
county,Vestland,2021-02-19,1157,540,34021,12085,5.32559198899222,1.89176623811678,1697,46106,fhi:git
county,Vestland,2021-02-20,3,4,34024,12089,5.32606160411132,1.8923923916089198,7,46113,fhi:git
county,Vestland,2021-02-21,0,1,34024,12090,5.32606160411132,1.89254892998195,1,46114,fhi:git
county,Vestland,2021-02-22,48,2,34072,12092,5.33357544601696,1.89286200672802,50,46164,fhi:git
county,Vestland,2021-02-23,540,591,34612,12683,5.4181061674553606,1.9853761851911598,1131,47295,fhi:git
county,Vestland,2021-02-24,1341,2401,35953,15084,5.62802412569405,2.36122481884597,3742,51037,fhi:git
county,Vestland,2021-02-25,1259,2645,37212,17729,5.825105937343951,2.77526881552109,3904,54941,fhi:git
county,Vestland,2021-02-26,1397,875,38609,18604,6.0437900444725505,2.91223989192591,2272,57213,fhi:git
county,Vestland,2021-02-27,1,0,38610,18604,6.0439465828455905,2.91223989192591,1,57214,fhi:git
county,Vestland,2021-02-28,0,7,38610,18611,6.0439465828455905,2.91333566053715,7,57221,fhi:git
county,Vestland,2021-03-01,440,11,39050,18622,6.11282346698058,2.91505758264052,451,57672,fhi:git
county,Vestland,2021-03-02,1340,757,40390,19379,6.322584886846241,3.03355713102731,2097,59769,fhi:git
county,Vestland,2021-03-03,1749,2042,42139,21421,6.596370501282831,3.35320848876289,3791,63560,fhi:git
county,Vestland,2021-03-04,1795,2843,43934,24264,6.87735688087899,3.7982470832987603,4638,68198,fhi:git
county,Vestland,2021-03-05,1250,894,45184,25158,7.073029847171591,3.93819238879123,2144,70342,fhi:git
county,Vestland,2021-03-06,1,6,45185,25164,7.07318638554462,3.93913161902943,7,70349,fhi:git
county,Vestland,2021-03-07,2,0,45187,25164,7.07349946229069,3.93913161902943,2,70351,fhi:git
county,Vestland,2021-03-08,630,14,45817,25178,7.172118637302161,3.94132315625191,644,70995,fhi:git
county,Vestland,2021-03-09,1497,527,47314,25705,7.40645658173416,4.02381887884086,2024,73019,fhi:git
county,Vestland,2021-03-10,2438,1829,49752,27534,7.78809713519124,4.31012756312019,4267,77286,fhi:git
county,Vestland,2021-03-11,1401,1539,51153,29073,8.00740739581197,4.55104011921963,2940,80226,fhi:git
county,Vestland,2021-03-12,178,929,51331,30002,8.035271226212041,4.69646426776828,1107,81333,fhi:git
county,Vestland,2021-03-13,8,10,51339,30012,8.03652353319631,4.6980296514986195,18,81351,fhi:git
county,Vestland,2021-03-14,0,0,51339,30012,8.03652353319631,4.6980296514986195,0,81351,fhi:git
county,Vestland,2021-03-15,7,8,51346,30020,8.03761930180755,4.6992819584828895,15,81366,fhi:git
county,Vestland,2021-03-16,1190,33,52536,30053,8.2238999657181,4.704447724793019,1223,82589,fhi:git
county,Vestland,2021-03-17,2429,222,54965,30275,8.604131673817859,4.7391992436065795,2651,85240,fhi:git
county,Vestland,2021-03-18,2307,144,57272,30419,8.965265700407471,4.76174076932349,2451,87691,fhi:git
county,Vestland,2021-03-19,580,109,57852,30528,9.05605795676723,4.7788034519842,689,88380,fhi:git
county,Vestland,2021-03-20,1,2,57853,30530,9.05621449514027,4.7791165287302695,3,88383,fhi:git
county,Vestland,2021-03-21,0,0,57853,30530,9.05621449514027,4.7791165287302695,0,88383,fhi:git
county,Vestland,2021-03-22,7,13,57860,30543,9.0573102637515,4.78115152757971,20,88403,fhi:git
county,Vestland,2021-03-23,2048,335,59908,30878,9.377900851725288,4.83359188254613,2383,90786,fhi:git
county,Vestland,2021-03-24,3984,489,63892,31367,10.001549729893,4.91013914695979,4473,95259,fhi:git
county,Vestland,2021-03-25,2912,362,66804,31729,10.457389472168302,4.96680603799813,3274,98533,fhi:git
county,Viken,2020-12-27,0,0,0,0,0.0,0.0,0,0,fhi:git
county,Viken,2020-12-28,65,0,65,0,0.00523701522360041,0.0,65,65,fhi:git
county,Viken,2020-12-29,689,0,754,0,0.0607493765937647,0.0,689,754,fhi:git
county,Viken,2020-12-30,219,0,973,0,0.0783940894240492,0.0,219,973,fhi:git
county,Viken,2020-12-31,67,0,1040,0,0.0837922435776065,0.0,67,1040,fhi:git
county,Viken,2021-01-01,0,0,1040,0,0.0837922435776065,0.0,0,1040,fhi:git
county,Viken,2021-01-02,0,0,1040,0,0.0837922435776065,0.0,0,1040,fhi:git
county,Viken,2021-01-03,0,0,1040,0,0.0837922435776065,0.0,0,1040,fhi:git
county,Viken,2021-01-04,0,0,1040,0,0.0830416230165828,0.0,0,1040,fhi:git
county,Viken,2021-01-05,526,0,1566,0,0.12504152081150802,0.0,526,1566,fhi:git
county,Viken,2021-01-06,1649,0,3215,0,0.256710401921455,0.0,1649,3215,fhi:git
county,Viken,2021-01-07,1922,0,5137,0,0.410177709073256,0.0,1922,5137,fhi:git
county,Viken,2021-01-08,282,0,5419,0,0.43269476454506,0.0,282,5419,fhi:git
county,Viken,2021-01-09,6,0,5425,0,0.433173850831694,0.0,6,5425,fhi:git
county,Viken,2021-01-10,5,0,5430,0,0.43357308940388894,0.0,5,5430,fhi:git
county,Viken,2021-01-11,57,0,5487,0,0.438124409126913,0.0,57,5487,fhi:git
county,Viken,2021-01-12,788,0,6275,0,0.5010444081048621,0.0,788,6275,fhi:git
county,Viken,2021-01-13,1945,0,8220,0,0.65634821268876,0.0,1945,8220,fhi:git
county,Viken,2021-01-14,1950,0,10170,0,0.812051255844853,0.0,1950,10170,fhi:git
county,Viken,2021-01-15,1043,0,11213,0,0.8953324220047529,0.0,1043,11213,fhi:git
county,Viken,2021-01-16,90,0,11303,0,0.902518716304265,0.0,90,11303,fhi:git
county,Viken,2021-01-17,23,0,11326,0,0.904355213736362,0.0,23,11326,fhi:git
county,Viken,2021-01-18,144,51,11470,51,0.9158532846155809,0.00407223343639012,195,11521,fhi:git
county,Viken,2021-01-19,647,384,12117,435,0.967514755857628,0.0347337557809745,1031,12552,fhi:git
county,Viken,2021-01-20,1492,342,13609,777,1.08664754580065,0.06204167411912001,1834,14386,fhi:git
county,Viken,2021-01-21,1997,100,15606,877,1.2461034315353798,0.0700264455630222,2097,16483,fhi:git
county,Viken,2021-01-22,821,1,16427,878,1.3116584050898101,0.0701062932774612,822,17305,fhi:git
county,Viken,2021-01-23,98,0,16525,878,1.3194834811048402,0.0701062932774612,98,17403,fhi:git
county,Viken,2021-01-24,0,0,16525,878,1.3194834811048402,0.0701062932774612,0,17403,fhi:git
county,Viken,2021-01-25,62,0,16587,878,1.32443403940006,0.0701062932774612,62,17465,fhi:git
county,Viken,2021-01-26,563,402,17150,1280,1.36938830262923,0.10220507448194802,965,18430,fhi:git
county,Viken,2021-01-27,1941,1218,19091,2498,1.52437271635537,0.19945959066867702,3159,21589,fhi:git
county,Viken,2021-01-28,3104,1710,22195,4208,1.77222002197409,0.33599918235940396,4814,26403,fhi:git
county,Viken,2021-01-29,1041,427,23236,4635,1.85534149270511,0.370094156424867,1468,27871,fhi:git
county,Viken,2021-01-30,10,18,23246,4653,1.8561399698495,0.371531415284769,28,27899,fhi:git
county,Viken,2021-01-31,7,3,23253,4656,1.8566989038505801,0.37177095842808594,10,27909,fhi:git
county,Viken,2021-02-01,36,45,23289,4701,1.8595734215703796,0.37536410557784206,81,27990,fhi:git
county,Viken,2021-02-02,1023,687,24312,5388,1.9412576334415002,0.43021948539745003,1710,29700,fhi:git
county,Viken,2021-02-03,4778,1723,29090,7111,2.3227700130311497,0.567797097375885,6501,36201,fhi:git
county,Viken,2021-02-04,6637,1749,35727,8860,2.85271929376294,0.707450749929734,8386,44587,fhi:git
county,Viken,2021-02-05,3145,1094,38872,9954,3.1038403556736602,0.794804149526024,4239,48826,fhi:git
county,Viken,2021-02-06,37,90,38909,10044,3.1067947211079003,0.801990443825536,127,48953,fhi:git
county,Viken,2021-02-07,15,20,38924,10064,3.1079924368244902,0.8035873981143159,35,48988,fhi:git
county,Viken,2021-02-08,15,95,38939,10159,3.10919015254107,0.8111729309860239,110,49098,fhi:git
county,Viken,2021-02-09,791,566,39730,10725,3.1723496946623397,0.8563667373585101,1357,50455,fhi:git
county,Viken,2021-02-10,3445,1325,43175,12050,3.44742507090477,0.9621649589902141,4770,55225,fhi:git
county,Viken,2021-02-11,4845,1917,48020,13967,3.83428724736183,1.1152330275698201,6762,61987,fhi:git
county,Viken,2021-02-12,2428,977,50448,14944,4.02815749801978,1.19324424457674,3405,65392,fhi:git
county,Viken,2021-02-13,24,97,50472,15041,4.03007384316631,1.20098947287733,121,65513,fhi:git
county,Viken,2021-02-14,6,0,50478,15041,4.03055292945295,1.20098947287733,6,65519,fhi:git
county,Viken,2021-02-15,355,125,50833,15166,4.0588988680788,1.2109704371822099,480,65999,fhi:git
county,Viken,2021-02-16,1424,359,52257,15525,4.17260201343997,1.23963576666582,1783,67782,fhi:git
county,Viken,2021-02-17,4428,1811,56685,17336,4.52616769297596,1.38423997751488,6239,74021,fhi:git
county,Viken,2021-02-18,4887,2924,61572,20260,4.91638347343946,1.6177146945345802,7811,81832,fhi:git
county,Viken,2021-02-19,3796,1282,65368,21542,5.21948539744998,1.7200794644454098,5078,86910,fhi:git
county,Viken,2021-02-20,28,9,65396,21551,5.22172113345428,1.7207980938753602,37,86947,fhi:git
county,Viken,2021-02-21,1,6,65397,21557,5.22180098116872,1.72127718016199,7,86954,fhi:git
county,Viken,2021-02-22,699,8,66096,21565,5.277614533561589,1.72191596187751,707,87661,fhi:git
county,Viken,2021-02-23,2127,755,68223,22320,5.447450622173389,1.7822009862789698,2882,90543,fhi:git
county,Viken,2021-02-24,2463,4196,70686,26516,5.6441155428367,2.1172419960651,6659,97202,fhi:git
county,Viken,2021-02-25,2549,6253,73235,32769,5.847647366941769,2.6165297544523103,8802,106004,fhi:git
county,Viken,2021-02-26,1931,2719,75166,35488,6.001833303523519,2.83363569001201,4650,110654,fhi:git
county,Viken,2021-02-27,166,88,75332,35576,6.0150880241204,2.84066228888264,254,110908,fhi:git
county,Viken,2021-02-28,416,1,75748,35577,6.04830467332703,2.8407421365970804,417,111325,fhi:git
county,Viken,2021-03-01,1518,2,77266,35579,6.16951350384547,2.8409018320259602,1520,112845,fhi:git
county,Viken,2021-03-02,3011,518,80277,36097,6.40993497202136,2.8822629481053705,3529,116374,fhi:git
county,Viken,2021-03-03,4946,2696,85223,38793,6.804861767636759,3.09753238623298,7642,124016,fhi:git
county,Viken,2021-03-04,4391,3259,89614,42052,7.15547308173851,3.3577560875897503,7650,131666,fhi:git
county,Viken,2021-03-05,2720,1780,92334,43832,7.37265886501265,3.4998850192912103,4500,136166,fhi:git
county,Viken,2021-03-06,159,1,92493,43833,7.38535465160845,3.49996486700565,160,136326,fhi:git
county,Viken,2021-03-07,17,0,92510,43833,7.38671206275392,3.49996486700565,17,136343,fhi:git
county,Viken,2021-03-08,1130,22,93640,43855,7.476939980070009,3.5017215167233102,1152,137495,fhi:git
county,Viken,2021-03-09,2886,713,96526,44568,7.707380483941031,3.55865293711833,3599,141094,fhi:git
county,Viken,2021-03-10,5386,3190,101912,47758,8.1374402739096,3.81336714617881,8576,149670,fhi:git
county,Viken,2021-03-11,3406,4755,105318,52513,8.40940158928891,4.19304302833636,8161,157831,fhi:git
county,Viken,2021-03-12,1213,3303,106531,55816,8.50625686690344,4.45678002912845,4516,162347,fhi:git
county,Viken,2021-03-13,6,8,106537,55824,8.50673595319008,4.45741881084396,14,162361,fhi:git
county,Viken,2021-03-14,2,5,106539,55829,8.506895648618949,4.457818049416151,7,162368,fhi:git
county,Viken,2021-03-15,35,44,106574,55873,8.50969031862432,4.46133134885147,79,162447,fhi:git
county,Viken,2021-03-16,774,302,107348,56175,8.57149244960012,4.4854453586120595,1076,163523,fhi:git
county,Viken,2021-03-17,3977,413,111325,56588,8.889046809924109,4.5184224646753695,4390,167913,fhi:git
county,Viken,2021-03-18,5895,430,117220,57018,9.35974908654215,4.5527569818841505,6325,174238,fhi:git
county,Viken,2021-03-19,2022,365,119242,57383,9.52120116513785,4.58190139765439,2387,176625,fhi:git
county,Viken,2021-03-20,6,1,119248,57384,9.521680251424481,4.58198124536883,7,176632,fhi:git
county,Viken,2021-03-21,6,1,119254,57385,9.52215933771112,4.5820610930832695,7,176639,fhi:git
county,Viken,2021-03-22,398,18,119652,57403,9.55393872805785,4.58349835194317,416,177055,fhi:git
county,Viken,2021-03-23,2435,75,122087,57478,9.74836791271687,4.5894869305261,2510,179565,fhi:git
county,Viken,2021-03-24,7369,743,129456,58221,10.336765720418,4.64881378235429,8112,187677,fhi:git
county,Viken,2021-03-25,9231,558,138687,58779,11.073839972404599,4.693368807011269,9789,197466,fhi:git
nation,Norge,2020-12-27,5,0,5,0,9.31518486915891e-05,0.0,5,5,fhi:git
nation,Norge,2020-12-28,603,0,608,0,0.0113272648008972,0.0,603,608,fhi:git
nation,Norge,2020-12-29,1067,0,1675,0,0.0312058693116824,0.0,1067,1675,fhi:git
nation,Norge,2020-12-30,427,0,2102,0,0.0391610371899441,0.0,427,2102,fhi:git
nation,Norge,2020-12-31,72,0,2174,0,0.040502423811103,0.0,72,2174,fhi:git
nation,Norge,2021-01-01,6,0,2180,0,0.0406142060295329,0.0,6,2180,fhi:git
nation,Norge,2021-01-02,0,0,2180,0,0.0406142060295329,0.0,0,2180,fhi:git
nation,Norge,2021-01-03,3,0,2183,0,0.0406700971387478,0.0,3,2183,fhi:git
nation,Norge,2021-01-04,6,0,2189,0,0.0406019324590841,0.0,6,2189,fhi:git
nation,Norge,2021-01-05,3385,0,5574,0,0.103387469861551,0.0,3385,5574,fhi:git
nation,Norge,2021-01-06,9064,0,14638,0,0.271508034415749,0.0,9064,14638,fhi:git
nation,Norge,2021-01-07,6553,0,21191,0,0.39305415748764394,0.0,6553,21191,fhi:git
nation,Norge,2021-01-08,1616,0,22807,0,0.4230279915917461,0.0,1616,22807,fhi:git
nation,Norge,2021-01-09,135,0,22942,0,0.4255319938219771,0.0,135,22942,fhi:git
nation,Norge,2021-01-10,108,0,23050,0,0.42753519560616204,0.0,108,23050,fhi:git
nation,Norge,2021-01-11,353,0,23403,0,0.434082697734101,0.0,353,23403,fhi:git
nation,Norge,2021-01-12,4259,0,27662,0,0.5130793310567321,0.0,4259,27662,fhi:git
nation,Norge,2021-01-13,9775,0,37437,0,0.6943876406901479,0.0,9775,37437,fhi:git
nation,Norge,2021-01-14,8471,0,45908,0,0.8515091435959959,0.0,8471,45908,fhi:git
nation,Norge,2021-01-15,4471,0,50379,0,0.934437987828323,0.0,4471,50379,fhi:git
nation,Norge,2021-01-16,746,0,51125,0,0.948274918670935,0.0,746,51125,fhi:git
nation,Norge,2021-01-17,349,5,51474,5,0.9547482281401999,9.27408233419007e-05,354,51479,fhi:git
nation,Norge,2021-01-18,1284,283,52758,288,0.9785640715744001,0.00534187142449348,1567,53046,fhi:git
nation,Norge,2021-01-19,4587,772,57345,1060,1.0636445029082602,0.019661054548483003,5359,58405,fhi:git
nation,Norge,2021-01-20,10062,693,67407,1753,1.2502761358015,0.0325149326636704,10755,69160,fhi:git
nation,Norge,2021-01-21,8435,169,75842,1922,1.40672990477929,0.0356495724926266,8604,77764,fhi:git
nation,Norge,2021-01-22,3317,7,79159,1929,1.4682541669843001,0.0357794096453053,3324,81088,fhi:git
nation,Norge,2021-01-23,359,0,79518,1929,1.47491295810025,0.0357794096453053,359,81447,fhi:git
nation,Norge,2021-01-24,67,0,79585,1929,1.4761556851330302,0.0357794096453053,67,81514,fhi:git
nation,Norge,2021-01-25,581,0,80166,1929,1.4869321688053603,0.0357794096453053,581,82095,fhi:git
nation,Norge,2021-01-26,2278,2142,82444,4071,1.52918488791993,0.0755095783649756,4420,86515,fhi:git
nation,Norge,2021-01-27,11416,7593,93860,11664,1.7409307357741601,0.21634579269198603,19009,105524,fhi:git
nation,Norge,2021-01-28,10900,6572,104760,18236,1.9431057306595,0.33824433089258,17472,122996,fhi:git
nation,Norge,2021-01-29,3812,2106,108572,20342,2.01381133437537,0.37730676568418897,5918,128914,fhi:git
nation,Norge,2021-01-30,147,172,108719,20514,2.0165379145816202,0.38049705000715,319,129233,fhi:git
nation,Norge,2021-01-31,97,51,108816,20565,2.01833708655445,0.381443006405238,148,129381,fhi:git
nation,Norge,2021-02-01,198,301,109014,20866,2.02200962315879,0.38702600397042,499,129880,fhi:git
nation,Norge,2021-02-02,6357,3143,115371,24009,2.1399203059556897,0.4453228855231389,9500,139380,fhi:git
nation,Norge,2021-02-03,25134,8315,140505,32324,2.60610987673075,0.59955087474072,33449,172829,fhi:git
nation,Norge,2021-02-04,25963,8660,166468,40984,3.08767587601591,0.760177980768892,34623,207452,fhi:git
nation,Norge,2021-02-05,10627,4860,177095,45844,3.2847872219467793,0.8503220610572191,15487,222939,fhi:git
nation,Norge,2021-02-06,808,736,177903,46580,3.2997741389988304,0.8639735102531471,1544,224483,fhi:git
nation,Norge,2021-02-07,320,296,178223,46876,3.30570955169272,0.8694637669949878,616,225099,fhi:git
nation,Norge,2021-02-08,120,922,178343,47798,3.30793533145292,0.886565174819234,1042,226141,fhi:git
nation,Norge,2021-02-09,5541,3240,183884,51038,3.4107107118804105,0.9466612283447858,8781,234922,fhi:git
nation,Norge,2021-02-10,22991,8664,206875,59702,3.8371515657711397,1.1073625270316299,31655,266577,fhi:git
nation,Norge,2021-02-11,20935,8572,227810,68274,4.22545739310368,1.26635739456899,29507,296084,fhi:git
nation,Norge,2021-02-12,8041,3610,235851,71884,4.37460318520213,1.33331626902184,11651,307735,fhi:git
nation,Norge,2021-02-13,893,306,236744,72190,4.39116669625099,1.33899200741036,1199,308934,fhi:git
nation,Norge,2021-02-14,110,2,236854,72192,4.39320699436451,1.3390291037397,112,309046,fhi:git
nation,Norge,2021-02-15,803,751,237657,72943,4.40810117059322,1.3529587754056498,1554,310600,fhi:git
nation,Norge,2021-02-16,6026,2175,243683,75118,4.51987241088488,1.3933010335593798,8201,318801,fhi:git
nation,Norge,2021-02-17,21800,10203,265483,85321,4.92422240065557,1.58254795767086,32003,350804,fhi:git
nation,Norge,2021-02-18,18866,10814,284349,96135,5.27415207528923,1.78312781039473,29680,380484,fhi:git
nation,Norge,2021-02-19,10736,4798,295085,100933,5.4732851711689605,1.8721219044736102,15534,396018,fhi:git
nation,Norge,2021-02-20,500,172,295585,101105,5.482559253503151,1.87531218879657,672,396690,fhi:git
nation,Norge,2021-02-21,58,97,295643,101202,5.483635047053911,1.8771113607694099,155,396845,fhi:git
nation,Norge,2021-02-22,2568,141,298211,101343,5.53126673392231,1.8797266519876499,2709,399554,fhi:git
nation,Norge,2021-02-23,5747,5205,303958,106548,5.63786303627149,1.9762698490865702,10952,410506,fhi:git
nation,Norge,2021-02-24,10959,22332,314917,128880,5.841132372872269,2.3904874624608303,33291,443797,fhi:git
nation,Norge,2021-02-25,11149,25040,326066,153920,6.04792586076004,2.8549335057570695,36189,479986,fhi:git
nation,Norge,2021-02-26,8300,9927,334366,163847,6.2018756275076,3.03906113642008,18227,498213,fhi:git
nation,Norge,2021-02-27,440,202,334806,164049,6.21003681996168,3.04280786568309,642,498855,fhi:git
nation,Norge,2021-02-28,538,159,335344,164208,6.22001573255327,3.04575702386537,697,499552,fhi:git
nation,Norge,2021-03-01,5915,62,341259,164270,6.32972812656674,3.04690701007481,5977,505529,fhi:git
nation,Norge,2021-03-02,10504,3820,351763,168090,6.524558048243411,3.11776099910802,14324,519853,fhi:git
nation,Norge,2021-03-03,17618,18052,369381,186142,6.85133961337093,3.4525924677016198,35670,555523,fhi:git
nation,Norge,2021-03-04,16226,18437,385607,204579,7.152302133280059,3.7945649796925403,34663,590186,fhi:git
nation,Norge,2021-03-05,11875,6511,397482,211090,7.372561588717081,3.91533207984837,18386,608572,fhi:git
nation,Norge,2021-03-06,316,478,397798,211568,7.37842280875229,3.92419810255985,794,609366,fhi:git
nation,Norge,2021-03-07,90,1,397888,211569,7.3800921435724405,3.92421665072452,91,609457,fhi:git
nation,Norge,2021-03-08,4889,46,402777,211615,7.47077412063615,3.92506986629927,4935,614392,fhi:git
nation,Norge,2021-03-09,12313,4271,415090,215886,7.69915767219792,4.00428907759792,16584,630976,fhi:git
nation,Norge,2021-03-10,20934,17175,436024,233061,8.087444951365791,4.32285380577734,38109,669085,fhi:git
nation,Norge,2021-03-11,11931,16533,447955,249594,8.30874310402423,4.62951061223967,28464,697549,fhi:git
nation,Norge,2021-03-12,2307,8252,450262,257846,8.35153371991418,4.78257006708315,10559,708108,fhi:git
nation,Norge,2021-03-13,34,303,450296,258149,8.35216435751291,4.78819016097767,337,708445,fhi:git
nation,Norge,2021-03-14,3,109,450299,258258,8.35222000200691,4.790211910926519,112,708557,fhi:git
nation,Norge,2021-03-15,99,432,450398,258690,8.35405627030908,4.79822471806326,531,709088,fhi:git
nation,Norge,2021-03-16,5638,625,456036,259315,8.45863082270941,4.809817320981,6263,715351,fhi:git
nation,Norge,2021-03-17,23001,1548,479037,260863,8.88525715824682,4.838529879887651,24549,739900,fhi:git
nation,Norge,2021-03-18,20964,1388,500001,262251,9.27410088235474,4.8642747324473605,22352,762252,fhi:git
nation,Norge,2021-03-19,6722,962,506723,263213,9.398781645255589,4.8821180668583395,7684,769936,fhi:git
nation,Norge,2021-03-20,458,20,507181,263233,9.407276704673711,4.88248903015171,478,770414,fhi:git
nation,Norge,2021-03-21,187,68,507368,263301,9.410745211466699,4.88375030534916,255,770669,fhi:git
nation,Norge,2021-03-22,1503,70,508871,263371,9.43862310296327,4.88504867687595,1573,772242,fhi:git
nation,Norge,2021-03-23,13034,916,521905,264287,9.68037988125094,4.90203879571218,13950,786192,fhi:git
nation,Norge,2021-03-24,38490,3535,560395,267822,10.3942987393369,4.967606557814911,42025,828217,fhi:git
nation,Norge,2021-03-25,35504,2079,595899,269901,11.0528327777231,5.0061681921604695,37583,865800,fhi:git
